0	5.4908552453e+00
1	7.7341876009e+00
2	8.4659282822e+00
3	1.1098274442e+01
4	9.5628603729e+00
5	1.0726757405e+01
6	1.2752961332e+01
7	1.4364777193e+01
8	1.2070284210e+01
9	1.6631050721e+01
10	1.5678958099e+01
11	1.9734177484e+01
12	2.1129494100e+01
13	1.3168050135e+01
14	1.0364688211e+01
15	1.5658784925e+01
16	1.8178783768e+01
17	1.6839933923e+01
18	1.8745881673e+01
19	1.3110724911e+01
20	1.0552053537e+01
21	1.8202237223e+01
22	2.3241073969e+01
23	2.5500562692e+01
24	2.4291595938e+01
25	2.0462497876e+01
26	1.6018972802e+01
27	1.3720153311e+01
28	1.4035604803e+01
29	1.8992687284e+01
30	1.4265036661e+01
31	1.1779124147e+01
32	2.3066369706e+01
33	1.7363354215e+01
34	1.5913223064e+01
35	1.6194826776e+01
36	1.8326186783e+01
37	1.6883357013e+01
38	2.4277530873e+01
39	1.6801132115e+01
40	9.9557011050e+00
41	1.3766885254e+01
42	1.3216624964e+01
43	1.5215868376e+01
44	1.4775955217e+01
45	1.7068307318e+01
46	1.8984089613e+01
47	1.4386194449e+01
48	1.7693418347e+01
49	1.8852756091e+01
50	2.1836475226e+01
51	1.6876093857e+01
52	2.0115148231e+01
53	1.8922592638e+01
54	2.1175580424e+01
55	1.6595196558e+01
56	1.7123406605e+01
57	1.7878674398e+01
58	1.8217319711e+01
59	1.5817333449e+01
60	1.4102049990e+01
61	1.3077424190e+01
62	1.4817397147e+01
63	1.4212693763e+01
64	1.9003025114e+01
65	1.9394604645e+01
66	2.2587277268e+01
67	2.5228890458e+01
68	1.8109704226e+01
69	1.8305804177e+01
70	1.2637903801e+01
71	1.4436395388e+01
72	1.8742625348e+01
73	2.5818432574e+01
74	1.7112344100e+01
75	1.3149352940e+01
76	1.0198433704e+01
77	1.2883281937e+01
78	1.5177050157e+01
79	1.3605605761e+01
80	1.5065535473e+01
81	1.9222319843e+01
82	1.7685509669e+01
83	1.9396037741e+01
84	1.5917481934e+01
85	1.4158785571e+01
86	1.9116070696e+01
87	1.3228097981e+01
88	1.4525776224e+01
89	1.6415250682e+01
90	1.7910856622e+01
91	1.6919271644e+01
92	1.9687007277e+01
93	1.8701999904e+01
94	1.9179414705e+01
95	1.9817627837e+01
96	2.1767006262e+01
97	2.0390509088e+01
98	1.2806064722e+01
99	1.3672712116e+01
100	1.5536170546e+01
101	1.2257374528e+01
102	1.3455029157e+01
103	1.2226639205e+01
104	1.3852940504e+01
105	2.0449903555e+01
106	1.9016899441e+01
107	2.0625471520e+01
108	1.4285649535e+01
109	1.5452606110e+01
110	1.6959641327e+01
111	8.7506854585e+00
112	6.9413153152e+00
113	9.7772265270e+00
114	1.1758182657e+01
115	1.5174898093e+01
116	1.9287047083e+01
117	1.5622788616e+01
118	1.6338445296e+01
119	1.7895820578e+01
120	1.8574553070e+01
121	1.5467497890e+01
122	1.6380341445e+01
123	1.7836194386e+01
124	1.7912231502e+01
125	1.6002959242e+01
126	1.5463752931e+01
127	1.6710352503e+01
128	1.7621281506e+01
129	1.2511257632e+01
130	9.1973687743e+00
131	1.1730917633e+01
132	1.1397595622e+01
133	1.7090892359e+01
134	1.8843954228e+01
135	1.6573479244e+01
136	1.8493165347e+01
137	1.9736669642e+01
138	1.8510047102e+01
139	1.9250213011e+01
140	2.1664701119e+01
141	1.7556789225e+01
142	1.4401796713e+01
143	2.0440190128e+01
144	2.0228867628e+01
145	1.5688019252e+01
146	1.3026163221e+01
147	1.3875372876e+01
148	2.5689100747e+01
149	3.0764652630e+01
150	2.9165155954e+01
151	2.8200765513e+01
152	2.4456336515e+01
153	2.7122046341e+01
154	2.0265359430e+01
155	1.8176416052e+01
156	1.8299544570e+01
157	1.8696104250e+01
158	2.5706925037e+01
159	2.9267579154e+01
160	1.6507791655e+01
161	1.0502696569e+01
162	1.5923692891e+01
163	2.2454424458e+01
164	1.9634872843e+01
165	1.6405836938e+01
166	1.7154792181e+01
167	1.4932539640e+01
168	1.3090810240e+01
169	1.4345942851e+01
170	1.6044938940e+01
171	1.4923924225e+01
172	1.5253091438e+01
173	1.4246608952e+01
174	1.2806017468e+01
175	1.8067694310e+01
176	1.7331718900e+01
177	2.0718155802e+01
178	2.0606568810e+01
179	2.0526242661e+01
180	2.1502518459e+01
181	1.5703363126e+01
182	1.9283459943e+01
183	2.2582590820e+01
184	2.1163914962e+01
185	2.3813651656e+01
186	1.9495717330e+01
187	2.0381768694e+01
188	1.1882135698e+01
189	1.1739841036e+01
190	1.0841723823e+01
191	1.2946828384e+01
192	1.2194584302e+01
193	1.4284459873e+01
194	1.5177938015e+01
195	9.6681025169e+00
196	1.2587548666e+01
197	1.1247612343e+01
198	1.5242325791e+01
199	1.7544168531e+01
