9.5906448262e-01 
9.6526385867e-01 
9.5900076545e-01 
9.7084799263e-01 
9.5888685888e-01 
9.6686858779e-01 
9.5540170441e-01 
9.5900307841e-01 
9.6805071260e-01 
9.6521846440e-01 
9.6452280368e-01 
9.6817663578e-01 
9.5959449274e-01 
9.7482418906e-01 
9.5801625310e-01 
9.6959960279e-01 
9.6161941290e-01 
9.6312289939e-01 
9.6790964979e-01 
9.6413199035e-01 
9.5076159454e-01 
9.5403042676e-01 
9.6782183530e-01 
9.6309152929e-01 
9.5962071239e-01 
9.5664540070e-01 
9.6281291373e-01 
9.6492371506e-01 
9.6663979840e-01 
9.5493604311e-01 
9.5894665341e-01 
9.7088825754e-01 
9.6753606554e-01 
9.6423676488e-01 
9.6980385811e-01 
9.5104151851e-01 
9.6676909390e-01 
9.7206776729e-01 
