1.0845800117e+02 
5.6130647154e-03 
5.4694592429e-03 
5.3117879290e-03 
5.3805582370e-03 
5.4883767927e-03 
5.4862738179e-03 
5.5285649765e-03 
5.3723546981e-03 
5.6323974763e-03 
5.5138613163e-03 
5.3905786788e-03 
5.4749788743e-03 
5.4491198852e-03 
5.2381281303e-03 
5.3519469552e-03 
5.3623037599e-03 
5.3264977529e-03 
5.3594343103e-03 
5.3423619585e-03 
5.4111112532e-03 
5.4049316936e-03 
5.4219882869e-03 
5.5033643153e-03 
5.5461892817e-03 
5.3879240166e-03 
5.2770331244e-03 
5.3745103707e-03 
5.2156754669e-03 
5.3626529236e-03 
5.3577425161e-03 
5.1095416723e-03 
5.2982938256e-03 
5.3840466426e-03 
5.4370387548e-03 
5.5648386620e-03 
5.3198726936e-03 
5.3029863408e-03 
5.4884006617e-03 
5.3705106079e-03 
5.3222572105e-03 
5.3390245336e-03 
5.5463491953e-03 
5.3401114308e-03 
5.3990661293e-03 
5.2284943398e-03 
5.4131028062e-03 
5.3767165867e-03 
5.5737968526e-03 
5.2621700288e-03 
5.2814263808e-03 
5.4347974886e-03 
5.2294458576e-03 
5.3852326716e-03 
5.3341949558e-03 
5.3557886731e-03 
5.4824295574e-03 
5.4461687443e-03 
5.4163269960e-03 
5.2459792361e-03 
5.3905316034e-03 
5.4408227868e-03 
5.4531828672e-03 
5.4385580314e-03 
5.3689461448e-03 
5.4675993963e-03 
5.4483741026e-03 
5.6317798026e-03 
5.6760105306e-03 
5.4442160082e-03 
5.2605588935e-03 
5.5228439144e-03 
5.3645950229e-03 
5.4079588012e-03 
5.4550978817e-03 
5.3121727625e-03 
5.5526980221e-03 
5.2974645186e-03 
5.2979285306e-03 
5.4942417150e-03 
5.3815061541e-03 
5.2845316920e-03 
5.5067021694e-03 
5.5163861310e-03 
5.3787261936e-03 
5.1545437037e-03 
5.3992209292e-03 
5.3073336867e-03 
5.3505867834e-03 
5.5513935600e-03 
5.4909122644e-03 
5.5472220335e-03 
5.5126748939e-03 
5.2674952199e-03 
5.4314067638e-03 
5.2827375183e-03 
5.5451282455e-03 
5.4907009625e-03 
5.5536334934e-03 
5.4813101972e-03 
5.3417523849e-03 
5.3235511826e-03 
5.5298850126e-03 
5.4749713161e-03 
5.3225099444e-03 
5.3675847706e-03 
5.5380827955e-03 
5.2841116894e-03 
5.3265092868e-03 
5.4233101924e-03 
5.4283153332e-03 
5.3537400547e-03 
5.4566120098e-03 
5.4251364772e-03 
5.2581781558e-03 
5.4791838623e-03 
5.3395706279e-03 
5.4143380650e-03 
5.3767565942e-03 
5.4167848194e-03 
5.4744264242e-03 
5.3761623794e-03 
5.4802706567e-03 
5.4972832182e-03 
5.4059757463e-03 
5.3713065148e-03 
5.5487249625e-03 
5.4431448258e-03 
5.3754843240e-03 
5.3043989731e-03 
5.3642878131e-03 
5.4273557148e-03 
5.4688366052e-03 
5.4570187660e-03 
5.3817853494e-03 
5.5876162957e-03 
5.3128853093e-03 
5.3338626507e-03 
5.5734427093e-03 
5.5100995273e-03 
5.5625296513e-03 
5.3016343151e-03 
5.3868723765e-03 
5.3300165688e-03 
5.3646473362e-03 
5.3170281593e-03 
5.5233164582e-03 
5.3912830760e-03 
5.4051356926e-03 
5.3400575731e-03 
5.5267037384e-03 
5.3793368627e-03 
5.4188657551e-03 
5.3882562362e-03 
5.4813717546e-03 
5.2251332512e-03 
5.4704385135e-03 
5.1218748507e-03 
5.3547315469e-03 
5.4631745733e-03 
5.4007879677e-03 
5.4320518048e-03 
5.3520217785e-03 
5.4361440889e-03 
5.5329589209e-03 
5.2799203547e-03 
5.4630261301e-03 
5.3765656485e-03 
5.4629064448e-03 
5.3125903451e-03 
5.3463470578e-03 
5.5311423683e-03 
5.3957981574e-03 
5.4253337236e-03 
5.4921551422e-03 
5.4562223521e-03 
5.3145750164e-03 
5.3807163553e-03 
5.2215348406e-03 
5.1561160156e-03 
5.4395283795e-03 
5.3788592862e-03 
5.5530768069e-03 
5.5398477345e-03 
5.3158679891e-03 
5.2977563441e-03 
5.5481008663e-03 
5.5174208534e-03 
5.6277060048e-03 
5.5670884190e-03 
5.3388421944e-03 
5.6470949616e-03 
5.5133067857e-03 
5.4585045601e-03 
5.2825480509e-03 
5.2913576286e-03 
5.4170990782e-03 
5.3343176217e-03 
5.4686382243e-03 
5.2309044974e-03 
5.3493557365e-03 
5.6484965056e-03 
5.2509642988e-03 
5.4191012639e-03 
5.5778200591e-03 
5.4043793844e-03 
5.4892023493e-03 
5.3643890781e-03 
5.4436421718e-03 
5.3821560461e-03 
5.4966280854e-03 
5.3712925041e-03 
5.5602306373e-03 
5.5916097367e-03 
5.2420888176e-03 
5.5276859463e-03 
5.4272489996e-03 
5.2951744422e-03 
5.2893430953e-03 
5.4796034657e-03 
5.2591688087e-03 
5.3949963634e-03 
5.4541551424e-03 
5.4033021955e-03 
5.4576332050e-03 
5.4214726718e-03 
5.3557967116e-03 
5.3456963559e-03 
5.3842326402e-03 
5.2130007262e-03 
5.4304223210e-03 
5.5411729712e-03 
5.2604438878e-03 
5.6139003534e-03 
5.3317922428e-03 
5.4783047038e-03 
5.2930397488e-03 
5.4375718596e-03 
5.3702373243e-03 
5.2565048118e-03 
5.4630273491e-03 
5.3436518058e-03 
5.3137834315e-03 
5.5703101065e-03 
5.3621007846e-03 
5.5245691831e-03 
5.4027553355e-03 
5.4438767990e-03 
5.4709188768e-03 
5.6227079555e-03 
5.5555949590e-03 
5.4572779616e-03 
5.5921856780e-03 
5.2627625442e-03 
5.4464918038e-03 
5.3298561906e-03 
5.3790528138e-03 
5.3213822405e-03 
5.3699640493e-03 
5.6553234429e-03 
5.4247305548e-03 
5.3430098357e-03 
5.4465872737e-03 
5.2588772056e-03 
5.6132542365e-03 
5.2675289846e-03 
5.4385950402e-03 
5.5472857206e-03 
5.5617973686e-03 
5.3203298535e-03 
5.3701363057e-03 
5.4545722094e-03 
5.3555443642e-03 
5.3883704316e-03 
5.6410004301e-03 
5.3972804395e-03 
5.4747313878e-03 
5.3355091767e-03 
5.4418611590e-03 
5.3531502673e-03 
5.4195055186e-03 
5.2068567696e-03 
5.4837215899e-03 
5.5917556067e-03 
5.4104610531e-03 
5.4778056744e-03 
5.5128488694e-03 
5.2801826118e-03 
5.3090281815e-03 
5.4713722164e-03 
5.4581118865e-03 
5.7195648828e-03 
5.4077202833e-03 
5.3169682777e-03 
