 1 	 1.000000 
 2 	 1.002242 
 3 	 1.004489 
 4 	 1.006729 
 5 	 1.008961 
 6 	 1.011170 
 7 	 1.013395 
 8 	 1.015618 
 9 	 1.017836 
 10 	 1.020062 
 11 	 1.022270 
 12 	 1.024462 
 13 	 1.026667 
 14 	 1.028863 
 15 	 1.031045 
 16 	 1.033216 
 17 	 1.035396 
 18 	 1.037566 
 19 	 1.039719 
 20 	 1.041877 
 21 	 1.044031 
 22 	 1.046186 
 23 	 1.048337 
 24 	 1.050473 
 25 	 1.052595 
 26 	 1.054709 
 27 	 1.056808 
 28 	 1.058910 
 29 	 1.060988 
 30 	 1.063083 
 31 	 1.065185 
 32 	 1.067281 
 33 	 1.069383 
 34 	 1.071473 
 35 	 1.073551 
 36 	 1.075621 
 37 	 1.077673 
 38 	 1.079743 
 39 	 1.081818 
 40 	 1.083898 
 41 	 1.085969 
 42 	 1.088039 
 43 	 1.090127 
 44 	 1.092190 
 45 	 1.094248 
 46 	 1.096302 
 47 	 1.098355 
 48 	 1.100400 
 49 	 1.102450 
 1 	 1.000000 
 2 	 1.005812 
 3 	 1.011647 
 4 	 1.017605 
 5 	 1.023655 
 6 	 1.029699 
 7 	 1.035806 
 8 	 1.041974 
 9 	 1.048117 
 10 	 1.054269 
 11 	 1.060402 
 12 	 1.066662 
 13 	 1.072867 
 14 	 1.079162 
 15 	 1.085506 
 16 	 1.091882 
 17 	 1.098262 
 18 	 1.104602 
 19 	 1.110974 
 20 	 1.117352 
 21 	 1.123819 
 22 	 1.130316 
 23 	 1.136865 
 24 	 1.143469 
 25 	 1.150077 
 26 	 1.156639 
 27 	 1.163204 
 28 	 1.169792 
 29 	 1.176344 
 30 	 1.182952 
 31 	 1.189514 
 32 	 1.196090 
 33 	 1.202672 
 34 	 1.209288 
 35 	 1.215939 
 36 	 1.222624 
 37 	 1.229340 
 38 	 1.236098 
 39 	 1.242868 
 40 	 1.249685 
 41 	 1.256541 
 42 	 1.263411 
 43 	 1.270297 
 44 	 1.277230 
 45 	 1.284164 
 46 	 1.291138 
 47 	 1.298172 
 48 	 1.305251 
 49 	 1.312352 
 1 	 1.000000 
 2 	 1.006096 
 3 	 1.012228 
 4 	 1.018432 
 5 	 1.024652 
 6 	 1.030905 
 7 	 1.037259 
 8 	 1.043711 
 9 	 1.050109 
 10 	 1.056445 
 11 	 1.062816 
 12 	 1.069261 
 13 	 1.075741 
 14 	 1.082294 
 15 	 1.088953 
 16 	 1.095595 
 17 	 1.102249 
 18 	 1.108879 
 19 	 1.115511 
 20 	 1.122149 
 21 	 1.128869 
 22 	 1.135629 
 23 	 1.142386 
 24 	 1.149238 
 25 	 1.156142 
 26 	 1.163011 
 27 	 1.169948 
 28 	 1.176952 
 29 	 1.183971 
 30 	 1.191011 
 31 	 1.198034 
 32 	 1.205084 
 33 	 1.212138 
 34 	 1.219274 
 35 	 1.226475 
 36 	 1.233732 
 37 	 1.241007 
 38 	 1.248300 
 39 	 1.255613 
 40 	 1.263021 
 41 	 1.270406 
 42 	 1.277791 
 43 	 1.285142 
 44 	 1.292517 
 45 	 1.299896 
 46 	 1.307279 
 47 	 1.314762 
 48 	 1.322244 
 49 	 1.329635 
 1 	 1.000000 
 2 	 1.004534 
 3 	 1.009040 
 4 	 1.013549 
 5 	 1.018113 
 6 	 1.022671 
 7 	 1.027211 
 8 	 1.031775 
 9 	 1.036329 
 10 	 1.040914 
 11 	 1.045517 
 12 	 1.050106 
 13 	 1.054680 
 14 	 1.059310 
 15 	 1.063923 
 16 	 1.068571 
 17 	 1.073252 
 18 	 1.077930 
 19 	 1.082718 
 20 	 1.087523 
 21 	 1.092305 
 22 	 1.097124 
 23 	 1.101949 
 24 	 1.106700 
 25 	 1.111462 
 26 	 1.116258 
 27 	 1.121091 
 28 	 1.125906 
 29 	 1.130773 
 30 	 1.135614 
 31 	 1.140423 
 32 	 1.145220 
 33 	 1.150014 
 34 	 1.154843 
 35 	 1.159648 
 36 	 1.164403 
 37 	 1.169180 
 38 	 1.174004 
 39 	 1.178851 
 40 	 1.183701 
 41 	 1.188519 
 42 	 1.193425 
 43 	 1.198386 
 44 	 1.203337 
 45 	 1.208335 
 46 	 1.213404 
 47 	 1.218519 
 48 	 1.223615 
 49 	 1.228698 
 1 	 1.000000 
 2 	 1.004436 
 3 	 1.008920 
 4 	 1.013527 
 5 	 1.018188 
 6 	 1.022875 
 7 	 1.027584 
 8 	 1.032358 
 9 	 1.037071 
 10 	 1.041761 
 11 	 1.046511 
 12 	 1.051274 
 13 	 1.056083 
 14 	 1.060994 
 15 	 1.065977 
 16 	 1.070916 
 17 	 1.075790 
 18 	 1.080650 
 19 	 1.085539 
 20 	 1.090396 
 21 	 1.095187 
 22 	 1.100075 
 23 	 1.104934 
 24 	 1.109868 
 25 	 1.114786 
 26 	 1.119756 
 27 	 1.124803 
 28 	 1.129950 
 29 	 1.135109 
 30 	 1.140346 
 31 	 1.145533 
 32 	 1.150739 
 33 	 1.156024 
 34 	 1.161328 
 35 	 1.166739 
 36 	 1.172188 
 37 	 1.177595 
 38 	 1.183099 
 39 	 1.188590 
 40 	 1.194020 
 41 	 1.199501 
 42 	 1.204984 
 43 	 1.210395 
 44 	 1.215902 
 45 	 1.221429 
 46 	 1.226954 
 47 	 1.232540 
 48 	 1.238095 
 49 	 1.243724 
 1 	 1.000000 
 2 	 1.002284 
 3 	 1.004539 
 4 	 1.006767 
 5 	 1.008805 
 6 	 1.010766 
 7 	 1.012449 
 8 	 1.013995 
 9 	 1.015412 
 10 	 1.017081 
 11 	 1.018608 
 12 	 1.020120 
 13 	 1.021590 
 14 	 1.023049 
 15 	 1.024411 
 16 	 1.025700 
 17 	 1.027010 
 18 	 1.028341 
 19 	 1.029609 
 20 	 1.030910 
 21 	 1.032368 
 22 	 1.033646 
 23 	 1.034889 
 24 	 1.036120 
 25 	 1.037315 
 26 	 1.038304 
 27 	 1.039269 
 28 	 1.040116 
 29 	 1.040666 
 30 	 1.041174 
 31 	 1.041722 
 32 	 1.042159 
 33 	 1.042549 
 34 	 1.042924 
 35 	 1.043157 
 36 	 1.043287 
 37 	 1.043470 
 38 	 1.043568 
 39 	 1.043615 
 40 	 1.043713 
 41 	 1.043913 
 42 	 1.043932 
 43 	 1.043961 
 44 	 1.044047 
 45 	 1.044003 
 46 	 1.043844 
 47 	 1.043362 
 48 	 1.042714 
 49 	 1.041998 
 1 	 1.000000 
 2 	 1.002827 
 3 	 1.005697 
 4 	 1.008562 
 5 	 1.011392 
 6 	 1.014201 
 7 	 1.017001 
 8 	 1.019769 
 9 	 1.022492 
 10 	 1.025177 
 11 	 1.027838 
 12 	 1.030554 
 13 	 1.033262 
 14 	 1.035956 
 15 	 1.038664 
 16 	 1.041333 
 17 	 1.044040 
 18 	 1.046746 
 19 	 1.049471 
 20 	 1.052187 
 21 	 1.054926 
 22 	 1.057680 
 23 	 1.060428 
 24 	 1.063172 
 25 	 1.065914 
 26 	 1.068611 
 27 	 1.071368 
 28 	 1.074152 
 29 	 1.076897 
 30 	 1.079637 
 31 	 1.082360 
 32 	 1.085109 
 33 	 1.087835 
 34 	 1.090615 
 35 	 1.093423 
 36 	 1.096207 
 37 	 1.098941 
 38 	 1.101677 
 39 	 1.104421 
 40 	 1.107185 
 41 	 1.109925 
 42 	 1.112664 
 43 	 1.115339 
 44 	 1.117970 
 45 	 1.120590 
 46 	 1.123217 
 47 	 1.125833 
 48 	 1.128371 
 49 	 1.130878 
 1 	 1.000000 
 2 	 1.002925 
 3 	 1.005928 
 4 	 1.009037 
 5 	 1.012097 
 6 	 1.015147 
 7 	 1.018430 
 8 	 1.021679 
 9 	 1.024904 
 10 	 1.028011 
 11 	 1.031103 
 12 	 1.034236 
 13 	 1.037362 
 14 	 1.040596 
 15 	 1.043908 
 16 	 1.047145 
 17 	 1.050420 
 18 	 1.053660 
 19 	 1.056871 
 20 	 1.060111 
 21 	 1.063415 
 22 	 1.066794 
 23 	 1.070210 
 24 	 1.073751 
 25 	 1.077353 
 26 	 1.081024 
 27 	 1.084748 
 28 	 1.088550 
 29 	 1.092334 
 30 	 1.096246 
 31 	 1.100215 
 32 	 1.104300 
 33 	 1.108407 
 34 	 1.112498 
 35 	 1.116715 
 36 	 1.121047 
 37 	 1.125327 
 38 	 1.129676 
 39 	 1.133969 
 40 	 1.138337 
 41 	 1.142696 
 42 	 1.147195 
 43 	 1.151483 
 44 	 1.155730 
 45 	 1.160018 
 46 	 1.164240 
 47 	 1.168496 
 48 	 1.172779 
 49 	 1.177184 
 1 	 1.000000 
 2 	 1.006365 
 3 	 1.012767 
 4 	 1.019281 
 5 	 1.025835 
 6 	 1.032397 
 7 	 1.039070 
 8 	 1.045773 
 9 	 1.052563 
 10 	 1.059322 
 11 	 1.066135 
 12 	 1.073031 
 13 	 1.079972 
 14 	 1.087081 
 15 	 1.094285 
 16 	 1.101513 
 17 	 1.108859 
 18 	 1.116158 
 19 	 1.123544 
 20 	 1.130980 
 21 	 1.138564 
 22 	 1.146283 
 23 	 1.154030 
 24 	 1.161800 
 25 	 1.169575 
 26 	 1.177374 
 27 	 1.185243 
 28 	 1.193170 
 29 	 1.201172 
 30 	 1.209275 
 31 	 1.217435 
 32 	 1.225589 
 33 	 1.233715 
 34 	 1.241882 
 35 	 1.250162 
 36 	 1.258529 
 37 	 1.266900 
 38 	 1.275279 
 39 	 1.283704 
 40 	 1.292229 
 41 	 1.300742 
 42 	 1.309341 
 43 	 1.317952 
 44 	 1.326605 
 45 	 1.335292 
 46 	 1.344050 
 47 	 1.352824 
 48 	 1.361709 
 49 	 1.370618 
 1 	 1.000000 
 2 	 1.005393 
 3 	 1.010564 
 4 	 1.015304 
 5 	 1.020100 
 6 	 1.025018 
 7 	 1.029838 
 8 	 1.034816 
 9 	 1.039898 
 10 	 1.044849 
 11 	 1.049530 
 12 	 1.054094 
 13 	 1.058991 
 14 	 1.063965 
 15 	 1.068880 
 16 	 1.073994 
 17 	 1.079286 
 18 	 1.084560 
 19 	 1.089971 
 20 	 1.095341 
 21 	 1.100275 
 22 	 1.105260 
 23 	 1.110065 
 24 	 1.115057 
 25 	 1.120211 
 26 	 1.125459 
 27 	 1.130542 
 28 	 1.135839 
 29 	 1.141498 
 30 	 1.147359 
 31 	 1.153264 
 32 	 1.159167 
 33 	 1.165150 
 34 	 1.171026 
 35 	 1.176824 
 36 	 1.182674 
 37 	 1.188556 
 38 	 1.194677 
 39 	 1.200599 
 40 	 1.206278 
 41 	 1.211858 
 42 	 1.217228 
 43 	 1.222324 
 44 	 1.227715 
 45 	 1.233127 
 46 	 1.238669 
 47 	 1.244416 
 48 	 1.250120 
 49 	 1.255643 
 1 	 1.000000 
 2 	 1.003055 
 3 	 1.006094 
 4 	 1.009111 
 5 	 1.012167 
 6 	 1.015235 
 7 	 1.018340 
 8 	 1.021435 
 9 	 1.024538 
 10 	 1.027646 
 11 	 1.030736 
 12 	 1.033839 
 13 	 1.036951 
 14 	 1.040101 
 15 	 1.043208 
 16 	 1.046346 
 17 	 1.049513 
 18 	 1.052652 
 19 	 1.055808 
 20 	 1.058957 
 21 	 1.062083 
 22 	 1.065212 
 23 	 1.068336 
 24 	 1.071483 
 25 	 1.074632 
 26 	 1.077776 
 27 	 1.080916 
 28 	 1.084080 
 29 	 1.087247 
 30 	 1.090458 
 31 	 1.093650 
 32 	 1.096834 
 33 	 1.100021 
 34 	 1.103188 
 35 	 1.106353 
 36 	 1.109516 
 37 	 1.112699 
 38 	 1.115895 
 39 	 1.119095 
 40 	 1.122286 
 41 	 1.125475 
 42 	 1.128687 
 43 	 1.131893 
 44 	 1.135108 
 45 	 1.138335 
 46 	 1.141574 
 47 	 1.144852 
 48 	 1.148132 
 49 	 1.151415 
 1 	 1.000000 
 2 	 1.003331 
 3 	 1.006655 
 4 	 1.009972 
 5 	 1.013288 
 6 	 1.016613 
 7 	 1.019933 
 8 	 1.023270 
 9 	 1.026605 
 10 	 1.029947 
 11 	 1.033307 
 12 	 1.036658 
 13 	 1.040031 
 14 	 1.043412 
 15 	 1.046802 
 16 	 1.050200 
 17 	 1.053610 
 18 	 1.056997 
 19 	 1.060412 
 20 	 1.063837 
 21 	 1.067255 
 22 	 1.070680 
 23 	 1.074095 
 24 	 1.077488 
 25 	 1.080893 
 26 	 1.084289 
 27 	 1.087710 
 28 	 1.091122 
 29 	 1.094553 
 30 	 1.097976 
 31 	 1.101395 
 32 	 1.104801 
 33 	 1.108217 
 34 	 1.111622 
 35 	 1.115016 
 36 	 1.118399 
 37 	 1.121781 
 38 	 1.125181 
 39 	 1.128605 
 40 	 1.132030 
 41 	 1.135462 
 42 	 1.138884 
 43 	 1.142333 
 44 	 1.145764 
 45 	 1.149178 
 46 	 1.152589 
 47 	 1.156018 
 48 	 1.159433 
 49 	 1.162831 
 1 	 1.000000 
 2 	 1.006639 
 3 	 1.013175 
 4 	 1.019678 
 5 	 1.026199 
 6 	 1.032745 
 7 	 1.039338 
 8 	 1.046009 
 9 	 1.052588 
 10 	 1.059017 
 11 	 1.065422 
 12 	 1.071980 
 13 	 1.078498 
 14 	 1.085135 
 15 	 1.091841 
 16 	 1.098545 
 17 	 1.105305 
 18 	 1.111878 
 19 	 1.118564 
 20 	 1.125259 
 21 	 1.132019 
 22 	 1.138625 
 23 	 1.145258 
 24 	 1.151940 
 25 	 1.158722 
 26 	 1.165520 
 27 	 1.172391 
 28 	 1.179285 
 29 	 1.186184 
 30 	 1.193100 
 31 	 1.199922 
 32 	 1.206738 
 33 	 1.213364 
 34 	 1.220018 
 35 	 1.226705 
 36 	 1.233356 
 37 	 1.240029 
 38 	 1.246670 
 39 	 1.253279 
 40 	 1.259953 
 41 	 1.266589 
 42 	 1.273241 
 43 	 1.279595 
 44 	 1.285897 
 45 	 1.292274 
 46 	 1.298605 
 47 	 1.305027 
 48 	 1.311466 
 49 	 1.317791 
 1 	 1.000000 
 2 	 1.007557 
 3 	 1.015225 
 4 	 1.023038 
 5 	 1.030960 
 6 	 1.038840 
 7 	 1.046757 
 8 	 1.054699 
 9 	 1.062536 
 10 	 1.070491 
 11 	 1.078361 
 12 	 1.086681 
 13 	 1.094930 
 14 	 1.103332 
 15 	 1.111748 
 16 	 1.120106 
 17 	 1.128400 
 18 	 1.136513 
 19 	 1.144601 
 20 	 1.152791 
 21 	 1.161130 
 22 	 1.169409 
 23 	 1.177687 
 24 	 1.186147 
 25 	 1.194744 
 26 	 1.203194 
 27 	 1.211742 
 28 	 1.220362 
 29 	 1.228969 
 30 	 1.237727 
 31 	 1.246297 
 32 	 1.254984 
 33 	 1.263788 
 34 	 1.272628 
 35 	 1.281556 
 36 	 1.290444 
 37 	 1.299462 
 38 	 1.308548 
 39 	 1.317571 
 40 	 1.326610 
 41 	 1.335694 
 42 	 1.344648 
 43 	 1.353522 
 44 	 1.362558 
 45 	 1.371520 
 46 	 1.380554 
 47 	 1.389633 
 48 	 1.398745 
 49 	 1.407944 
 1 	 1.000000 
 2 	 1.002330 
 3 	 1.004654 
 4 	 1.006991 
 5 	 1.009323 
 6 	 1.011618 
 7 	 1.013917 
 8 	 1.016204 
 9 	 1.018478 
 10 	 1.020721 
 11 	 1.022964 
 12 	 1.025172 
 13 	 1.027401 
 14 	 1.029625 
 15 	 1.031836 
 16 	 1.034005 
 17 	 1.036177 
 18 	 1.038321 
 19 	 1.040471 
 20 	 1.042603 
 21 	 1.044717 
 22 	 1.046829 
 23 	 1.048948 
 24 	 1.050997 
 25 	 1.053028 
 26 	 1.055075 
 27 	 1.057138 
 28 	 1.059195 
 29 	 1.061220 
 30 	 1.063232 
 31 	 1.065239 
 32 	 1.067247 
 33 	 1.069264 
 34 	 1.071260 
 35 	 1.073256 
 36 	 1.075257 
 37 	 1.077229 
 38 	 1.079212 
 39 	 1.081218 
 40 	 1.083194 
 41 	 1.085149 
 42 	 1.087094 
 43 	 1.089016 
 44 	 1.090915 
 45 	 1.092824 
 46 	 1.094758 
 47 	 1.096677 
 48 	 1.098589 
 49 	 1.100524 
 1 	 1.000000 
 2 	 1.004076 
 3 	 1.008155 
 4 	 1.012237 
 5 	 1.016345 
 6 	 1.020419 
 7 	 1.024499 
 8 	 1.028589 
 9 	 1.032640 
 10 	 1.036705 
 11 	 1.040765 
 12 	 1.044833 
 13 	 1.048926 
 14 	 1.053017 
 15 	 1.057102 
 16 	 1.061161 
 17 	 1.065217 
 18 	 1.069224 
 19 	 1.073258 
 20 	 1.077322 
 21 	 1.081388 
 22 	 1.085468 
 23 	 1.089540 
 24 	 1.093591 
 25 	 1.097646 
 26 	 1.101720 
 27 	 1.105837 
 28 	 1.109966 
 29 	 1.114068 
 30 	 1.118181 
 31 	 1.122257 
 32 	 1.126345 
 33 	 1.130426 
 34 	 1.134535 
 35 	 1.138652 
 36 	 1.142737 
 37 	 1.146835 
 38 	 1.150959 
 39 	 1.155108 
 40 	 1.159253 
 41 	 1.163373 
 42 	 1.167481 
 43 	 1.171601 
 44 	 1.175714 
 45 	 1.179847 
 46 	 1.183996 
 47 	 1.188175 
 48 	 1.192338 
 49 	 1.196484 
 1 	 1.000000 
 2 	 1.002330 
 3 	 1.004654 
 4 	 1.006991 
 5 	 1.009323 
 6 	 1.011618 
 7 	 1.013917 
 8 	 1.016204 
 9 	 1.018478 
 10 	 1.020721 
 11 	 1.022964 
 12 	 1.025172 
 13 	 1.027401 
 14 	 1.029625 
 15 	 1.031836 
 16 	 1.034005 
 17 	 1.036177 
 18 	 1.038321 
 19 	 1.040471 
 20 	 1.042603 
 21 	 1.044717 
 22 	 1.046829 
 23 	 1.048948 
 24 	 1.050997 
 25 	 1.053028 
 26 	 1.055075 
 27 	 1.057138 
 28 	 1.059195 
 29 	 1.061220 
 30 	 1.063232 
 31 	 1.065239 
 32 	 1.067247 
 33 	 1.069264 
 34 	 1.071260 
 35 	 1.073256 
 36 	 1.075257 
 37 	 1.077229 
 38 	 1.079212 
 39 	 1.081218 
 40 	 1.083194 
 41 	 1.085149 
 42 	 1.087094 
 43 	 1.089016 
 44 	 1.090915 
 45 	 1.092824 
 46 	 1.094758 
 47 	 1.096677 
 48 	 1.098589 
 49 	 1.100524 
 1 	 1.000000 
 2 	 1.007557 
 3 	 1.015225 
 4 	 1.023038 
 5 	 1.030960 
 6 	 1.038840 
 7 	 1.046757 
 8 	 1.054699 
 9 	 1.062536 
 10 	 1.070491 
 11 	 1.078361 
 12 	 1.086681 
 13 	 1.094930 
 14 	 1.103332 
 15 	 1.111748 
 16 	 1.120106 
 17 	 1.128400 
 18 	 1.136513 
 19 	 1.144601 
 20 	 1.152791 
 21 	 1.161130 
 22 	 1.169409 
 23 	 1.177687 
 24 	 1.186147 
 25 	 1.194744 
 26 	 1.203194 
 27 	 1.211742 
 28 	 1.220362 
 29 	 1.228969 
 30 	 1.237727 
 31 	 1.246297 
 32 	 1.254984 
 33 	 1.263788 
 34 	 1.272628 
 35 	 1.281556 
 36 	 1.290444 
 37 	 1.299462 
 38 	 1.308548 
 39 	 1.317571 
 40 	 1.326610 
 41 	 1.335694 
 42 	 1.344648 
 43 	 1.353522 
 44 	 1.362558 
 45 	 1.371520 
 46 	 1.380554 
 47 	 1.389633 
 48 	 1.398745 
 49 	 1.407944 
 1 	 1.000000 
 2 	 1.006639 
 3 	 1.013175 
 4 	 1.019678 
 5 	 1.026199 
 6 	 1.032745 
 7 	 1.039338 
 8 	 1.046009 
 9 	 1.052588 
 10 	 1.059017 
 11 	 1.065422 
 12 	 1.071980 
 13 	 1.078498 
 14 	 1.085135 
 15 	 1.091841 
 16 	 1.098545 
 17 	 1.105305 
 18 	 1.111878 
 19 	 1.118564 
 20 	 1.125259 
 21 	 1.132019 
 22 	 1.138625 
 23 	 1.145258 
 24 	 1.151940 
 25 	 1.158722 
 26 	 1.165520 
 27 	 1.172391 
 28 	 1.179285 
 29 	 1.186184 
 30 	 1.193100 
 31 	 1.199922 
 32 	 1.206738 
 33 	 1.213364 
 34 	 1.220018 
 35 	 1.226705 
 36 	 1.233356 
 37 	 1.240029 
 38 	 1.246670 
 39 	 1.253279 
 40 	 1.259953 
 41 	 1.266589 
 42 	 1.273241 
 43 	 1.279595 
 44 	 1.285897 
 45 	 1.292274 
 46 	 1.298605 
 47 	 1.305027 
 48 	 1.311466 
 49 	 1.317791 
 1 	 1.000000 
 2 	 1.003331 
 3 	 1.006655 
 4 	 1.009972 
 5 	 1.013288 
 6 	 1.016613 
 7 	 1.019933 
 8 	 1.023270 
 9 	 1.026605 
 10 	 1.029947 
 11 	 1.033307 
 12 	 1.036658 
 13 	 1.040031 
 14 	 1.043412 
 15 	 1.046802 
 16 	 1.050200 
 17 	 1.053610 
 18 	 1.056997 
 19 	 1.060412 
 20 	 1.063837 
 21 	 1.067255 
 22 	 1.070680 
 23 	 1.074095 
 24 	 1.077488 
 25 	 1.080893 
 26 	 1.084289 
 27 	 1.087710 
 28 	 1.091122 
 29 	 1.094553 
 30 	 1.097976 
 31 	 1.101395 
 32 	 1.104801 
 33 	 1.108217 
 34 	 1.111622 
 35 	 1.115016 
 36 	 1.118399 
 37 	 1.121781 
 38 	 1.125181 
 39 	 1.128605 
 40 	 1.132030 
 41 	 1.135462 
 42 	 1.138884 
 43 	 1.142333 
 44 	 1.145764 
 45 	 1.149178 
 46 	 1.152589 
 47 	 1.156018 
 48 	 1.159433 
 49 	 1.162831 
 1 	 1.000000 
 2 	 1.003055 
 3 	 1.006094 
 4 	 1.009111 
 5 	 1.012167 
 6 	 1.015235 
 7 	 1.018340 
 8 	 1.021435 
 9 	 1.024538 
 10 	 1.027646 
 11 	 1.030736 
 12 	 1.033839 
 13 	 1.036951 
 14 	 1.040101 
 15 	 1.043208 
 16 	 1.046346 
 17 	 1.049513 
 18 	 1.052652 
 19 	 1.055808 
 20 	 1.058957 
 21 	 1.062083 
 22 	 1.065212 
 23 	 1.068336 
 24 	 1.071483 
 25 	 1.074632 
 26 	 1.077776 
 27 	 1.080916 
 28 	 1.084080 
 29 	 1.087247 
 30 	 1.090458 
 31 	 1.093650 
 32 	 1.096834 
 33 	 1.100021 
 34 	 1.103188 
 35 	 1.106353 
 36 	 1.109516 
 37 	 1.112699 
 38 	 1.115895 
 39 	 1.119095 
 40 	 1.122286 
 41 	 1.125475 
 42 	 1.128687 
 43 	 1.131893 
 44 	 1.135108 
 45 	 1.138335 
 46 	 1.141574 
 47 	 1.144852 
 48 	 1.148132 
 49 	 1.151415 
 1 	 1.000000 
 2 	 1.005393 
 3 	 1.010564 
 4 	 1.015304 
 5 	 1.020100 
 6 	 1.025018 
 7 	 1.029838 
 8 	 1.034816 
 9 	 1.039898 
 10 	 1.044849 
 11 	 1.049530 
 12 	 1.054094 
 13 	 1.058991 
 14 	 1.063965 
 15 	 1.068880 
 16 	 1.073994 
 17 	 1.079286 
 18 	 1.084560 
 19 	 1.089971 
 20 	 1.095341 
 21 	 1.100275 
 22 	 1.105260 
 23 	 1.110065 
 24 	 1.115057 
 25 	 1.120211 
 26 	 1.125459 
 27 	 1.130542 
 28 	 1.135839 
 29 	 1.141498 
 30 	 1.147359 
 31 	 1.153264 
 32 	 1.159167 
 33 	 1.165150 
 34 	 1.171026 
 35 	 1.176824 
 36 	 1.182674 
 37 	 1.188556 
 38 	 1.194677 
 39 	 1.200599 
 40 	 1.206278 
 41 	 1.211858 
 42 	 1.217228 
 43 	 1.222324 
 44 	 1.227715 
 45 	 1.233127 
 46 	 1.238669 
 47 	 1.244416 
 48 	 1.250120 
 49 	 1.255643 
 1 	 1.000000 
 2 	 1.006365 
 3 	 1.012767 
 4 	 1.019281 
 5 	 1.025835 
 6 	 1.032397 
 7 	 1.039070 
 8 	 1.045773 
 9 	 1.052563 
 10 	 1.059322 
 11 	 1.066135 
 12 	 1.073031 
 13 	 1.079972 
 14 	 1.087081 
 15 	 1.094285 
 16 	 1.101513 
 17 	 1.108859 
 18 	 1.116158 
 19 	 1.123544 
 20 	 1.130980 
 21 	 1.138564 
 22 	 1.146283 
 23 	 1.154030 
 24 	 1.161800 
 25 	 1.169575 
 26 	 1.177374 
 27 	 1.185243 
 28 	 1.193170 
 29 	 1.201172 
 30 	 1.209275 
 31 	 1.217435 
 32 	 1.225589 
 33 	 1.233715 
 34 	 1.241882 
 35 	 1.250162 
 36 	 1.258529 
 37 	 1.266900 
 38 	 1.275279 
 39 	 1.283704 
 40 	 1.292229 
 41 	 1.300742 
 42 	 1.309341 
 43 	 1.317952 
 44 	 1.326605 
 45 	 1.335292 
 46 	 1.344050 
 47 	 1.352824 
 48 	 1.361709 
 49 	 1.370618 
 1 	 1.000000 
 2 	 1.002925 
 3 	 1.005928 
 4 	 1.009037 
 5 	 1.012097 
 6 	 1.015147 
 7 	 1.018430 
 8 	 1.021679 
 9 	 1.024904 
 10 	 1.028011 
 11 	 1.031103 
 12 	 1.034236 
 13 	 1.037362 
 14 	 1.040596 
 15 	 1.043908 
 16 	 1.047145 
 17 	 1.050420 
 18 	 1.053660 
 19 	 1.056871 
 20 	 1.060111 
 21 	 1.063415 
 22 	 1.066794 
 23 	 1.070210 
 24 	 1.073751 
 25 	 1.077353 
 26 	 1.081024 
 27 	 1.084748 
 28 	 1.088550 
 29 	 1.092334 
 30 	 1.096246 
 31 	 1.100215 
 32 	 1.104300 
 33 	 1.108407 
 34 	 1.112498 
 35 	 1.116715 
 36 	 1.121047 
 37 	 1.125327 
 38 	 1.129676 
 39 	 1.133969 
 40 	 1.138337 
 41 	 1.142696 
 42 	 1.147195 
 43 	 1.151483 
 44 	 1.155730 
 45 	 1.160018 
 46 	 1.164240 
 47 	 1.168496 
 48 	 1.172779 
 49 	 1.177184 
 1 	 1.000000 
 2 	 1.002827 
 3 	 1.005697 
 4 	 1.008562 
 5 	 1.011392 
 6 	 1.014201 
 7 	 1.017001 
 8 	 1.019769 
 9 	 1.022492 
 10 	 1.025177 
 11 	 1.027838 
 12 	 1.030554 
 13 	 1.033262 
 14 	 1.035956 
 15 	 1.038664 
 16 	 1.041333 
 17 	 1.044040 
 18 	 1.046746 
 19 	 1.049471 
 20 	 1.052187 
 21 	 1.054926 
 22 	 1.057680 
 23 	 1.060428 
 24 	 1.063172 
 25 	 1.065914 
 26 	 1.068611 
 27 	 1.071368 
 28 	 1.074152 
 29 	 1.076897 
 30 	 1.079637 
 31 	 1.082360 
 32 	 1.085109 
 33 	 1.087835 
 34 	 1.090615 
 35 	 1.093423 
 36 	 1.096207 
 37 	 1.098941 
 38 	 1.101677 
 39 	 1.104421 
 40 	 1.107185 
 41 	 1.109925 
 42 	 1.112664 
 43 	 1.115339 
 44 	 1.117970 
 45 	 1.120590 
 46 	 1.123217 
 47 	 1.125833 
 48 	 1.128371 
 49 	 1.130878 
 1 	 1.000000 
 2 	 1.002284 
 3 	 1.004539 
 4 	 1.006767 
 5 	 1.008805 
 6 	 1.010766 
 7 	 1.012449 
 8 	 1.013995 
 9 	 1.015412 
 10 	 1.017081 
 11 	 1.018608 
 12 	 1.020120 
 13 	 1.021590 
 14 	 1.023049 
 15 	 1.024411 
 16 	 1.025700 
 17 	 1.027010 
 18 	 1.028341 
 19 	 1.029609 
 20 	 1.030910 
 21 	 1.032368 
 22 	 1.033646 
 23 	 1.034889 
 24 	 1.036120 
 25 	 1.037315 
 26 	 1.038304 
 27 	 1.039269 
 28 	 1.040116 
 29 	 1.040666 
 30 	 1.041174 
 31 	 1.041722 
 32 	 1.042159 
 33 	 1.042549 
 34 	 1.042924 
 35 	 1.043157 
 36 	 1.043287 
 37 	 1.043470 
 38 	 1.043568 
 39 	 1.043615 
 40 	 1.043713 
 41 	 1.043913 
 42 	 1.043932 
 43 	 1.043961 
 44 	 1.044047 
 45 	 1.044003 
 46 	 1.043844 
 47 	 1.043362 
 48 	 1.042714 
 49 	 1.041998 
 1 	 1.000000 
 2 	 1.004436 
 3 	 1.008920 
 4 	 1.013527 
 5 	 1.018188 
 6 	 1.022875 
 7 	 1.027584 
 8 	 1.032358 
 9 	 1.037071 
 10 	 1.041761 
 11 	 1.046511 
 12 	 1.051274 
 13 	 1.056083 
 14 	 1.060994 
 15 	 1.065977 
 16 	 1.070916 
 17 	 1.075790 
 18 	 1.080650 
 19 	 1.085539 
 20 	 1.090396 
 21 	 1.095187 
 22 	 1.100075 
 23 	 1.104934 
 24 	 1.109868 
 25 	 1.114786 
 26 	 1.119756 
 27 	 1.124803 
 28 	 1.129950 
 29 	 1.135109 
 30 	 1.140346 
 31 	 1.145533 
 32 	 1.150739 
 33 	 1.156024 
 34 	 1.161328 
 35 	 1.166739 
 36 	 1.172188 
 37 	 1.177595 
 38 	 1.183099 
 39 	 1.188590 
 40 	 1.194020 
 41 	 1.199501 
 42 	 1.204984 
 43 	 1.210395 
 44 	 1.215902 
 45 	 1.221429 
 46 	 1.226954 
 47 	 1.232540 
 48 	 1.238095 
 49 	 1.243724 
 1 	 1.000000 
 2 	 1.004534 
 3 	 1.009040 
 4 	 1.013549 
 5 	 1.018113 
 6 	 1.022671 
 7 	 1.027211 
 8 	 1.031775 
 9 	 1.036329 
 10 	 1.040914 
 11 	 1.045517 
 12 	 1.050106 
 13 	 1.054680 
 14 	 1.059310 
 15 	 1.063923 
 16 	 1.068571 
 17 	 1.073252 
 18 	 1.077930 
 19 	 1.082718 
 20 	 1.087523 
 21 	 1.092305 
 22 	 1.097124 
 23 	 1.101949 
 24 	 1.106700 
 25 	 1.111462 
 26 	 1.116258 
 27 	 1.121091 
 28 	 1.125906 
 29 	 1.130773 
 30 	 1.135614 
 31 	 1.140423 
 32 	 1.145220 
 33 	 1.150014 
 34 	 1.154843 
 35 	 1.159648 
 36 	 1.164403 
 37 	 1.169180 
 38 	 1.174004 
 39 	 1.178851 
 40 	 1.183701 
 41 	 1.188519 
 42 	 1.193425 
 43 	 1.198386 
 44 	 1.203337 
 45 	 1.208335 
 46 	 1.213404 
 47 	 1.218519 
 48 	 1.223615 
 49 	 1.228698 
 1 	 1.000000 
 2 	 1.006096 
 3 	 1.012228 
 4 	 1.018432 
 5 	 1.024652 
 6 	 1.030905 
 7 	 1.037259 
 8 	 1.043711 
 9 	 1.050109 
 10 	 1.056445 
 11 	 1.062816 
 12 	 1.069261 
 13 	 1.075741 
 14 	 1.082294 
 15 	 1.088953 
 16 	 1.095595 
 17 	 1.102249 
 18 	 1.108879 
 19 	 1.115511 
 20 	 1.122149 
 21 	 1.128869 
 22 	 1.135629 
 23 	 1.142386 
 24 	 1.149238 
 25 	 1.156142 
 26 	 1.163011 
 27 	 1.169948 
 28 	 1.176952 
 29 	 1.183971 
 30 	 1.191011 
 31 	 1.198034 
 32 	 1.205084 
 33 	 1.212138 
 34 	 1.219274 
 35 	 1.226475 
 36 	 1.233732 
 37 	 1.241007 
 38 	 1.248300 
 39 	 1.255613 
 40 	 1.263021 
 41 	 1.270406 
 42 	 1.277791 
 43 	 1.285142 
 44 	 1.292517 
 45 	 1.299896 
 46 	 1.307279 
 47 	 1.314762 
 48 	 1.322244 
 49 	 1.329635 
 1 	 1.000000 
 2 	 1.005812 
 3 	 1.011647 
 4 	 1.017605 
 5 	 1.023655 
 6 	 1.029699 
 7 	 1.035806 
 8 	 1.041974 
 9 	 1.048117 
 10 	 1.054269 
 11 	 1.060402 
 12 	 1.066662 
 13 	 1.072867 
 14 	 1.079162 
 15 	 1.085506 
 16 	 1.091882 
 17 	 1.098262 
 18 	 1.104602 
 19 	 1.110974 
 20 	 1.117352 
 21 	 1.123819 
 22 	 1.130316 
 23 	 1.136865 
 24 	 1.143469 
 25 	 1.150077 
 26 	 1.156639 
 27 	 1.163204 
 28 	 1.169792 
 29 	 1.176344 
 30 	 1.182952 
 31 	 1.189514 
 32 	 1.196090 
 33 	 1.202672 
 34 	 1.209288 
 35 	 1.215939 
 36 	 1.222624 
 37 	 1.229340 
 38 	 1.236098 
 39 	 1.242868 
 40 	 1.249685 
 41 	 1.256541 
 42 	 1.263411 
 43 	 1.270297 
 44 	 1.277230 
 45 	 1.284164 
 46 	 1.291138 
 47 	 1.298172 
 48 	 1.305251 
 49 	 1.312352 
 1 	 1.000000 
 2 	 1.002242 
 3 	 1.004489 
 4 	 1.006729 
 5 	 1.008961 
 6 	 1.011170 
 7 	 1.013395 
 8 	 1.015618 
 9 	 1.017836 
 10 	 1.020062 
 11 	 1.022270 
 12 	 1.024462 
 13 	 1.026667 
 14 	 1.028863 
 15 	 1.031045 
 16 	 1.033216 
 17 	 1.035396 
 18 	 1.037566 
 19 	 1.039719 
 20 	 1.041877 
 21 	 1.044031 
 22 	 1.046186 
 23 	 1.048337 
 24 	 1.050473 
 25 	 1.052595 
 26 	 1.054709 
 27 	 1.056808 
 28 	 1.058910 
 29 	 1.060988 
 30 	 1.063083 
 31 	 1.065185 
 32 	 1.067281 
 33 	 1.069383 
 34 	 1.071473 
 35 	 1.073551 
 36 	 1.075621 
 37 	 1.077673 
 38 	 1.079743 
 39 	 1.081818 
 40 	 1.083898 
 41 	 1.085969 
 42 	 1.088039 
 43 	 1.090127 
 44 	 1.092190 
 45 	 1.094248 
 46 	 1.096302 
 47 	 1.098355 
 48 	 1.100400 
 49 	 1.102450 
