6.6927441847e-01
6.6914521709e-01
6.6981760966e-01
6.6496201611e-01
6.6589145801e-01
6.7343449999e-01
6.7048588469e-01
6.7317310045e-01
6.7669332882e-01
6.6535362599e-01
6.6668077145e-01
6.6841495407e-01
6.7859564361e-01
6.7260875795e-01
6.6280421813e-01
6.6971989404e-01
6.6754101831e-01
6.6744371002e-01
6.7763930848e-01
6.6509392423e-01
6.6669205737e-01
6.6774858159e-01
6.6965460395e-01
6.6405974332e-01
6.6968301943e-01
6.7645767795e-01
6.6977039766e-01
6.7763286347e-01
6.7150368153e-01
6.6883057559e-01
6.7082161616e-01
6.6777981880e-01
6.7126033242e-01
6.6540587067e-01
6.6696686635e-01
6.6687438738e-01
6.6601049830e-01
6.6573782805e-01
6.6100585047e-01
6.6864571191e-01
6.7174374854e-01
6.6810810540e-01
6.6932863433e-01
6.6682051362e-01
6.6795309254e-01
6.6469923005e-01
6.6747372478e-01
6.7265331883e-01
6.6425751293e-01
6.6838560912e-01
6.6792050538e-01
6.7196330363e-01
6.7053046866e-01
6.6268613954e-01
6.7101831772e-01
6.7026673471e-01
6.6949205477e-01
6.7340404773e-01
6.7757611691e-01
6.7186521770e-01
6.6806596141e-01
6.6735708603e-01
6.7654640140e-01
6.6183579876e-01
6.6632305713e-01
6.6960021811e-01
6.7059701270e-01
6.7620223643e-01
6.7317457043e-01
6.7431163025e-01
6.7419536336e-01
6.7154093330e-01
6.6925493621e-01
6.7406557954e-01
6.6644425151e-01
6.6601940091e-01
6.6965498067e-01
6.6696089784e-01
6.6636893990e-01
6.6911035031e-01
6.7336598702e-01
6.7029573480e-01
6.6877584294e-01
6.7157922827e-01
6.6724899494e-01
6.8298922587e-01
6.7248868303e-01
6.7144987012e-01
6.7130472674e-01
6.7847220361e-01
6.7609787872e-01
6.6762151271e-01
6.6923909678e-01
6.7322813545e-01
6.7304427114e-01
6.6932069115e-01
6.6771814422e-01
6.7306893632e-01
6.6891253790e-01
6.7647441050e-01
6.6570443232e-01
6.7259214366e-01
6.6970980640e-01
6.6748846028e-01
6.6975002110e-01
6.7178753382e-01
6.7541025105e-01
6.6112222378e-01
6.7177368532e-01
6.6761070433e-01
6.7019860648e-01
6.7001516813e-01
6.6590248910e-01
6.6990262470e-01
6.6964553740e-01
6.7060089343e-01
6.7106653133e-01
6.6980115502e-01
6.6688078248e-01
6.6855528678e-01
6.6951856852e-01
6.5685826594e-01
6.6602418939e-01
6.6778397296e-01
6.6675309836e-01
6.6105885529e-01
6.6678211394e-01
6.6521481430e-01
6.7204203875e-01
6.7163832220e-01
6.6494170973e-01
6.7671953343e-01
6.6667957859e-01
6.6131600541e-01
6.6523731865e-01
6.7812189008e-01
6.7080237993e-01
6.6924561878e-01
6.7217604612e-01
6.7075283190e-01
6.6958438055e-01
6.6256871293e-01
6.6629786407e-01
6.6947283842e-01
6.6730710992e-01
6.7107786863e-01
6.7234075711e-01
6.6140252613e-01
6.6306419453e-01
6.6522750599e-01
6.6852618287e-01
6.6880779915e-01
6.6647074892e-01
6.6696978716e-01
6.6995051511e-01
6.6372868558e-01
6.7613675924e-01
6.6299770369e-01
6.7655718607e-01
6.6269353064e-01
6.7177316137e-01
6.7424038280e-01
6.7305329629e-01
6.6884957163e-01
6.6566312002e-01
6.6914868355e-01
6.6655704666e-01
6.6425490069e-01
6.6717437223e-01
6.7055469488e-01
6.6328187945e-01
6.7516793692e-01
6.7059969377e-01
6.6779465857e-01
6.6200427534e-01
6.5649128882e-01
6.7043155722e-01
6.6481121651e-01
6.6328681003e-01
6.7104046458e-01
6.7117493667e-01
6.6750726784e-01
6.6991959855e-01
6.6872122736e-01
6.7326216360e-01
6.7052107808e-01
6.6518087794e-01
6.6545698438e-01
6.6875415156e-01
6.6308317165e-01
6.6862646377e-01
6.7241615876e-01
6.7051557840e-01
6.6870601038e-01
6.6999271214e-01
6.7483245126e-01
6.7316205482e-01
6.7890930976e-01
6.7267185253e-01
6.8413638339e-01
6.6256319554e-01
6.6835984972e-01
6.6952853313e-01
6.6827589914e-01
6.6906015496e-01
6.6291008846e-01
6.7639076915e-01
6.6175881108e-01
6.6767001464e-01
6.6375700999e-01
6.6694830044e-01
6.6918981610e-01
6.6349108292e-01
6.7558704455e-01
6.7293455070e-01
6.6958566656e-01
6.6769720661e-01
6.6752191922e-01
6.7200161653e-01
6.7280598341e-01
6.6625748364e-01
6.7326324256e-01
6.6403370279e-01
6.7461182908e-01
6.7288099576e-01
6.7020529620e-01
6.6939740195e-01
6.6537035671e-01
6.7344079046e-01
6.6405647571e-01
6.6549414722e-01
6.7425618557e-01
6.7794661728e-01
6.7083989674e-01
6.7028217906e-01
6.7646228324e-01
6.6312685496e-01
6.6776605775e-01
6.6958407587e-01
6.7063240580e-01
6.6447985261e-01
6.6182553097e-01
6.6751684077e-01
6.6833987495e-01
6.6991371642e-01
6.7516085260e-01
6.6335755643e-01
6.6638082067e-01
6.6382189491e-01
6.7163027538e-01
6.7050961703e-01
6.6335933998e-01
6.6807764629e-01
6.6624835511e-01
6.6686600012e-01
6.6968186250e-01
6.6352713941e-01
6.6269004753e-01
6.6254046356e-01
6.7645767795e-01
6.6928457289e-01
6.6458112826e-01
6.6471082587e-01
6.6541972939e-01
6.6895964317e-01
6.7898086633e-01
6.6671937633e-01
6.6552474994e-01
6.7563126489e-01
6.7069785155e-01
6.7511888469e-01
6.7401137933e-01
6.7322274395e-01
6.7248330343e-01
6.6392527606e-01
6.6217212625e-01
6.7036730805e-01
6.6182361632e-01
6.6620204301e-01
6.6743527662e-01
6.6604684482e-01
6.6233664917e-01
6.6893848780e-01
6.6141005989e-01
6.6048183671e-01
6.7118964268e-01
6.7101809225e-01
6.6934973973e-01
6.6324068495e-01
6.7116641756e-01
6.6518245100e-01
6.6232167893e-01
6.6317016650e-01
6.7485312324e-01
6.7737337106e-01
6.7274040414e-01
6.6932237416e-01
6.5973310718e-01
6.5855399157e-01
6.6905830176e-01
6.7299081709e-01
6.7447463729e-01
6.7385818170e-01
6.7483760513e-01
6.6242012272e-01
6.6994767985e-01
6.7606319640e-01
6.7152171580e-01
6.6579557606e-01
6.7199462055e-01
6.6274209224e-01
6.6852405214e-01
6.6813407213e-01
6.6767912691e-01
6.6303630676e-01
6.7272691789e-01
6.7358100617e-01
6.6417777042e-01
6.6682782906e-01
6.8257348057e-01
6.7473859983e-01
6.7330508028e-01
6.6150553111e-01
6.6932785031e-01
6.6814258650e-01
6.6601300317e-01
6.6833618027e-01
6.6797502278e-01
6.7410152320e-01
6.7030339820e-01
6.6509980675e-01
6.6110118983e-01
6.7510656650e-01
6.7046923213e-01
6.6619182493e-01
6.6518547002e-01
6.7440095903e-01
6.6776507722e-01
6.7534151483e-01
6.6501845472e-01
6.7146849839e-01
6.7168512717e-01
6.6352717832e-01
6.6782611983e-01
6.6858007870e-01
6.6896293281e-01
6.7153984075e-01
6.7463743998e-01
6.6820825731e-01
6.7292674357e-01
6.6888122204e-01
6.6541790657e-01
6.6909956378e-01
6.6870376149e-01
6.7114487906e-01
6.6186259323e-01
6.7020594294e-01
6.6572058687e-01
6.7259462918e-01
6.7044110949e-01
6.6921590051e-01
6.6627616991e-01
6.6510365929e-01
6.5895648424e-01
6.7239673367e-01
6.6775678521e-01
6.6732356576e-01
6.6868919821e-01
6.7276666405e-01
6.6525286766e-01
6.6685233371e-01
6.7163942549e-01
6.7426054443e-01
6.7094276175e-01
6.6905881116e-01
6.6651729316e-01
6.6215550533e-01
6.6965669209e-01
6.7170825854e-01
6.6494926328e-01
6.6938410816e-01
6.6071136715e-01
6.6439194036e-01
6.7300406691e-01
6.7193388218e-01
6.7250241825e-01
6.6926234826e-01
6.6663718255e-01
6.6518945206e-01
6.6928988108e-01
6.7218697324e-01
6.6083332414e-01
6.7413872741e-01
6.7170951448e-01
6.6448041011e-01
6.6939339452e-01
6.7314863957e-01
6.6971242639e-01
6.7000960851e-01
6.7859393528e-01
6.6484222213e-01
6.6937481447e-01
6.7180929569e-01
6.6860760779e-01
6.6165371291e-01
6.6242246869e-01
6.6584778223e-01
6.7875960119e-01
6.7025203515e-01
6.6791698910e-01
6.7166117809e-01
6.6907966584e-01
6.7465581325e-01
6.6968345105e-01
6.6765944099e-01
6.7057080425e-01
6.7318143919e-01
6.6389755081e-01
6.6489157399e-01
6.6583872185e-01
6.6448536777e-01
6.7287144196e-01
6.7224016007e-01
6.6015213543e-01
6.6406058713e-01
6.7357757720e-01
6.7176668912e-01
6.7015695344e-01
6.6770841157e-01
6.6412173376e-01
6.7214059902e-01
6.6165525372e-01
6.6613139861e-01
6.6987118138e-01
6.7755241037e-01
6.6470042945e-01
6.6525106480e-01
6.6296081430e-01
6.6321797381e-01
6.7922150657e-01
6.6815997245e-01
6.7290522114e-01
6.7087550395e-01
6.7187965149e-01
6.6629964257e-01
6.6393807520e-01
6.6681111492e-01
6.6727469094e-01
6.7102673179e-01
6.7000317660e-01
6.6861886686e-01
6.6881122638e-01
6.7356768342e-01
6.6651408921e-01
6.6765974588e-01
6.6729685065e-01
6.7514304891e-01
6.7112739741e-01
6.6612364111e-01
6.6653486518e-01
6.6975573785e-01
6.6071030629e-01
6.7302453590e-01
6.6368117135e-01
6.7193619544e-01
6.6994277153e-01
6.6853691934e-01
6.6974295665e-01
6.6630533720e-01
6.6847784825e-01
6.6987515916e-01
6.6295368325e-01
6.7164737885e-01
6.7047256932e-01
6.6246425912e-01
6.6818364063e-01
6.6982797405e-01
6.7206125528e-01
6.7386963863e-01
6.7087904200e-01
6.7184692863e-01
6.6543647804e-01
6.7162141006e-01
6.6270559865e-01
6.6831406293e-01
6.7197437318e-01
6.7270489126e-01
6.6643622717e-01
6.6856178144e-01
6.6108547987e-01
6.6854124045e-01
6.6782571137e-01
6.7212412121e-01
6.6727713704e-01
6.7400967954e-01
6.7339971705e-01
6.6974763683e-01
6.7140054587e-01
6.7631534663e-01
6.6984644215e-01
6.7104974189e-01
6.7263629517e-01
6.7321453484e-01
6.6424052481e-01
6.7641483768e-01
6.7042973704e-01
6.6872328423e-01
6.7137619834e-01
6.6883500791e-01
6.6913923380e-01
6.7036806299e-01
6.6719799167e-01
6.7117318371e-01
6.6784598533e-01
6.6399098575e-01
6.6717947678e-01
6.7460942292e-01
6.6623001487e-01
6.6634016960e-01
6.7420395707e-01
6.6892311106e-01
6.6502625325e-01
6.5962384013e-01
6.7130972064e-01
6.6774541419e-01
6.6545547550e-01
6.7401370168e-01
6.7078385488e-01
6.7264602787e-01
6.7181926163e-01
6.7040251569e-01
6.7238232144e-01
6.6548050509e-01
6.6709777501e-01
6.6815188949e-01
6.6392760642e-01
6.6562050964e-01
6.6610845595e-01
6.6353361202e-01
6.6610834558e-01
6.7120171542e-01
6.7508420151e-01
6.6578966588e-01
6.6743376570e-01
6.6636786347e-01
6.7186876060e-01
6.6273119230e-01
6.7136956502e-01
6.7008341669e-01
6.7494528796e-01
6.6196856660e-01
6.7240531174e-01
6.6743040624e-01
6.7276829962e-01
6.7195114944e-01
6.6898731529e-01
6.6845691051e-01
6.6392981142e-01
6.6863324413e-01
6.7978066286e-01
6.6830835770e-01
6.7087728049e-01
6.6042092246e-01
6.7209045143e-01
6.6693034597e-01
6.7161705297e-01
6.6074841370e-01
6.6996367996e-01
6.7448771411e-01
6.6880102141e-01
6.6805068065e-01
6.6774082720e-01
6.5926305166e-01
6.6470316062e-01
6.7449839010e-01
6.7437824965e-01
6.6727368886e-01
6.6180369920e-01
6.6457094305e-01
6.6794587171e-01
6.6933342889e-01
6.6277043128e-01
6.7472483571e-01
6.6967920967e-01
6.6939294085e-01
6.6597785265e-01
6.6688002922e-01
6.6711496204e-01
6.6603735695e-01
6.7499515953e-01
6.7488293629e-01
6.6738111420e-01
6.7487506605e-01
6.7003181027e-01
6.7919123146e-01
6.7314870974e-01
6.6623061350e-01
6.6626066421e-01
6.7169260698e-01
6.6947994253e-01
6.6301512132e-01
6.6955477358e-01
6.5612394216e-01
6.6536965291e-01
6.7469480199e-01
6.7552662288e-01
6.6653633222e-01
6.6968686878e-01
6.6394632619e-01
6.6581391710e-01
6.6761685279e-01
6.6952990613e-01
6.7388781605e-01
6.6723203032e-01
6.6672880505e-01
6.6469608094e-01
6.7500975413e-01
6.6742894935e-01
6.7193100543e-01
6.7215318091e-01
6.6766450817e-01
6.6475432083e-01
6.6396682253e-01
6.7316194669e-01
6.6672506947e-01
6.6705021905e-01
6.6877518908e-01
6.7152271658e-01
6.6306763133e-01
6.6710561786e-01
6.6490506066e-01
6.7404743447e-01
6.7799326863e-01
6.6840238007e-01
6.6773094507e-01
6.7022508802e-01
6.6572705684e-01
6.7387916637e-01
6.6858211161e-01
6.7557771605e-01
6.6870753421e-01
6.5852232404e-01
6.7285202112e-01
6.7156840811e-01
6.7023528107e-01
6.7043701541e-01
6.6681720371e-01
6.6511428476e-01
6.6886184521e-01
6.6838996459e-01
6.6854162339e-01
6.6558471563e-01
6.6877371686e-01
6.7213660887e-01
6.7489080766e-01
6.7214283479e-01
6.7062734093e-01
6.6953055702e-01
6.7003590375e-01
6.6961221278e-01
6.7117668925e-01
6.7051419937e-01
6.6903859301e-01
6.7404008759e-01
6.6260702966e-01
6.6499958449e-01
6.7026582885e-01
6.7399762754e-01
6.7022254721e-01
6.6653780402e-01
6.6688189546e-01
6.6492697011e-01
6.6187213882e-01
6.6703553927e-01
6.6542477933e-01
6.6539218397e-01
