9.3880952835e-03 
9.3347657222e-03 
9.6370609910e-03 
9.4027023683e-03 
9.8144661219e-03 
9.2361728428e-03 
9.5023180914e-03 
1.0503252778e-02 
8.9782233179e-03 
9.4508436102e-03 
1.0336409947e-02 
9.5681691643e-03 
9.8883018076e-03 
9.6996334655e-03 
1.0013698177e-02 
9.5534687287e-03 
9.9355490454e-03 
9.4965437618e-03 
1.0532128059e-02 
1.0652788205e-02 
9.1306335508e-03 
1.0033672449e-02 
1.0030925173e-02 
9.2361516367e-03 
9.0744416523e-03 
9.8431506340e-03 
9.2815718739e-03 
9.5699826531e-03 
9.6951733323e-03 
9.6164719394e-03 
1.0035390747e-02 
9.6921229234e-03 
9.4922701031e-03 
9.6922391782e-03 
9.4977324357e-03 
8.9556268875e-03 
9.9311195961e-03 
1.0156489015e-02 
9.3265205696e-03 
1.0460271237e-02 
9.5589754005e-03 
9.8292878650e-03 
9.3629263215e-03 
9.6498632284e-03 
9.5500432972e-03 
9.5541200729e-03 
9.7250446162e-03 
9.3658756543e-03 
9.3393639457e-03 
1.0327350572e-02 
9.5717961861e-03 
1.0234804097e-02 
9.7729729415e-03 
9.8634848604e-03 
1.0229822369e-02 
1.0381868490e-02 
1.0310533990e-02 
9.8517009408e-03 
1.0346765169e-02 
9.0390623776e-03 
9.7514829575e-03 
9.4064081743e-03 
9.4592150232e-03 
9.4738043388e-03 
9.5302616532e-03 
1.0469792299e-02 
9.8393097055e-03 
9.4372362747e-03 
1.0009075252e-02 
9.2045224382e-03 
1.0460780929e-02 
9.3392782457e-03 
9.8723946859e-03 
1.0328906848e-02 
1.0286446308e-02 
9.6024498106e-03 
9.7524826937e-03 
9.8121792393e-03 
9.4278626939e-03 
9.8588938046e-03 
1.0396607672e-02 
9.6050152115e-03 
1.0038139617e-02 
9.5115420844e-03 
9.7277046850e-03 
9.6270459484e-03 
1.0062700710e-02 
8.9690877376e-03 
1.0007873013e-02 
1.0327748899e-02 
9.7109472774e-03 
1.0106826093e-02 
1.0130695449e-02 
9.3402100818e-03 
9.2506595153e-03 
9.9895247733e-03 
1.0189952356e-02 
1.0772324583e-02 
9.7794959193e-03 
9.1751442265e-03 
9.9546315301e-03 
9.9271250771e-03 
1.0463966682e-02 
9.2172710474e-03 
1.0258881962e-02 
9.3763688892e-03 
9.6164326404e-03 
8.8919719467e-03 
8.9149094416e-03 
9.3984722536e-03 
9.8446185305e-03 
9.3327912179e-03 
1.0140111414e-02 
9.9151746178e-03 
9.5868506950e-03 
9.3619710116e-03 
9.6911647050e-03 
9.4237957370e-03 
1.0178040184e-02 
9.9780821168e-03 
1.0246041978e-02 
9.6100402712e-03 
9.6421270337e-03 
9.7884816468e-03 
9.2565004841e-03 
9.8577985306e-03 
9.9862619917e-03 
9.0576894361e-03 
1.0220850074e-02 
9.4823236764e-03 
1.0264221965e-02 
1.0167436319e-02 
9.7503742273e-03 
9.5649378080e-03 
1.0695247762e-02 
1.0178817901e-02 
9.8181567494e-03 
9.8839900457e-03 
9.8055512542e-03 
1.0136990728e-02 
1.0358180843e-02 
9.4445555907e-03 
9.9650692102e-03 
9.4439822322e-03 
1.0340928016e-02 
1.0534756599e-02 
9.1118164284e-03 
1.0510662677e-02 
9.4099320866e-03 
9.7906864834e-03 
9.5486835980e-03 
9.2384619890e-03 
9.3584935676e-03 
1.0320855197e-02 
9.2346167197e-03 
9.7426985089e-03 
1.0066879323e-02 
9.3680009793e-03 
1.0274141756e-02 
1.0153561230e-02 
9.4851001372e-03 
9.6559915214e-03 
1.0089553770e-02 
1.0662896448e-02 
1.0477284841e-02 
1.0110394273e-02 
9.6941659647e-03 
1.0094168765e-02 
9.5004424297e-03 
1.0101851980e-02 
1.0985170037e-02 
9.2673157859e-03 
9.9577012099e-03 
9.4486399282e-03 
9.6017335971e-03 
9.8541356270e-03 
9.2862488159e-03 
9.5515602370e-03 
9.5254363921e-03 
9.9358399324e-03 
9.7480603996e-03 
9.6329909564e-03 
9.6279129595e-03 
9.1339735265e-03 
1.0241636404e-02 
9.1470635777e-03 
1.0240920755e-02 
9.6424607635e-03 
9.2522873390e-03 
1.0105489901e-02 
9.3707231842e-03 
9.6493316950e-03 
1.0313736661e-02 
9.7803743841e-03 
9.7876343240e-03 
9.3468276754e-03 
9.2703379431e-03 
9.8177750350e-03 
9.6715886591e-03 
9.7800512987e-03 
1.0070403181e-02 
9.3931222453e-03 
1.0209041723e-02 
9.2197324283e-03 
1.0440067370e-02 
9.8737725783e-03 
9.9024819796e-03 
1.0088522314e-02 
9.5652888649e-03 
1.0009362062e-02 
1.0203944688e-02 
9.7798043432e-03 
9.1618622554e-03 
1.0359350048e-02 
9.1023642988e-03 
9.8969146541e-03 
9.5531585110e-03 
1.1049676917e-02 
9.9135424541e-03 
1.0025901658e-02 
9.2914982656e-03 
9.8988190176e-03 
9.8812013036e-03 
9.1917287616e-03 
9.7341503065e-03 
9.1408708532e-03 
9.8365359103e-03 
9.8166619117e-03 
8.9646866769e-03 
9.6431600244e-03 
9.8234778844e-03 
9.5602852985e-03 
1.0893729361e-02 
9.7884289385e-03 
9.8683835544e-03 
1.0215366143e-02 
1.0121412281e-02 
9.5005581823e-03 
1.0646680102e-02 
1.0103717707e-02 
9.3212440506e-03 
9.7309698048e-03 
9.5431807969e-03 
9.9820582974e-03 
9.8739751660e-03 
9.1135116569e-03 
9.1135116569e-03 
9.6893306144e-03 
9.8804149220e-03 
9.2358917132e-03 
1.0078586531e-02 
9.4031816691e-03 
9.5468026672e-03 
9.9976127838e-03 
9.9976127838e-03 
9.1177273276e-03 
9.9630357398e-03 
1.0169414477e-02 
9.9404858424e-03 
9.5081041743e-03 
9.8116871446e-03 
9.5597363014e-03 
1.0440239791e-02 
1.0235015803e-02 
9.5610764450e-03 
9.4632591984e-03 
1.0170985299e-02 
9.6287011175e-03 
9.5248112911e-03 
9.3655105718e-03 
9.4108852904e-03 
1.0479137771e-02 
9.4545963361e-03 
9.8385789083e-03 
9.4979651797e-03 
9.9360389933e-03 
9.9680512296e-03 
9.9878049029e-03 
9.5996648253e-03 
9.9538492425e-03 
1.0150940621e-02 
1.0066877154e-02 
9.5008767648e-03 
9.3427208461e-03 
9.3427208461e-03 
9.0565569813e-03 
9.8700459781e-03 
9.4225046913e-03 
1.0476860611e-02 
9.8661055607e-03 
9.1761513847e-03 
9.9059541130e-03 
1.0340847539e-02 
9.9860115396e-03 
1.0260268599e-02 
1.0130231442e-02 
9.9194855829e-03 
1.0294618166e-02 
9.6986473732e-03 
1.0155434914e-02 
9.5408205050e-03 
9.3253954450e-03 
1.0349736866e-02 
1.0247793097e-02 
1.0273494739e-02 
1.0322548748e-02 
9.6606458073e-03 
1.0259369598e-02 
1.0633859285e-02 
9.6536579332e-03 
9.5223863137e-03 
9.3102217705e-03 
9.5592938967e-03 
9.8923590577e-03 
9.6130913418e-03 
9.6130913418e-03 
9.4794708442e-03 
1.0288064162e-02 
9.2927966166e-03 
1.0083226514e-02 
1.0289096709e-02 
9.6188889383e-03 
9.5946469288e-03 
9.5946469288e-03 
9.4169978853e-03 
9.6328300347e-03 
9.2376397199e-03 
9.1174233689e-03 
1.0115795519e-02 
9.7137677538e-03 
9.8419505278e-03 
1.0048832986e-02 
9.9294334526e-03 
9.0789610580e-03 
1.1013871697e-02 
1.0177383778e-02 
9.8426807524e-03 
9.6235472082e-03 
1.0014316942e-02 
9.4420212600e-03 
9.9466727605e-03 
9.5605398507e-03 
9.0913058716e-03 
1.0267758845e-02 
9.7245705543e-03 
1.0322505127e-02 
9.8032642844e-03 
9.4216030548e-03 
9.5244879763e-03 
9.7796944117e-03 
9.7451160728e-03 
9.5893917918e-03 
9.5774594227e-03 
9.8295950745e-03 
9.5949385918e-03 
9.2836768298e-03 
9.7185261215e-03 
1.0054204741e-02 
9.2236273634e-03 
9.7556941841e-03 
9.4665802677e-03 
9.3217738396e-03 
1.0689104504e-02 
9.4908524707e-03 
9.5025873331e-03 
9.3062137424e-03 
1.0330297276e-02 
9.7819006777e-03 
9.8575089886e-03 
1.0060457092e-02 
9.8105717667e-03 
1.0989413921e-02 
1.0220674379e-02 
9.3171107148e-03 
9.8165011577e-03 
1.0191078410e-02 
1.0082317078e-02 
9.7192530648e-03 
9.6050045584e-03 
1.0212624062e-02 
9.4709306457e-03 
9.8589013167e-03 
9.7072510172e-03 
8.7192411629e-03 
1.0549524965e-02 
9.7535047840e-03 
9.9884053743e-03 
9.8078532308e-03 
9.6324559725e-03 
1.0159709606e-02 
9.6345423764e-03 
1.0919833884e-02 
1.0158942605e-02 
9.4547944152e-03 
9.2600085221e-03 
9.4331565698e-03 
9.9691420834e-03 
9.3592851365e-03 
9.7721204859e-03 
9.5004930337e-03 
1.0416295525e-02 
9.7728425749e-03 
9.8705338963e-03 
9.4632386618e-03 
1.0595995675e-02 
1.0278057854e-02 
9.1707009857e-03 
9.8198204095e-03 
9.3327899511e-03 
9.8184866675e-03 
1.0118825770e-02 
9.7750740104e-03 
9.2538801387e-03 
9.0930912584e-03 
9.9275167761e-03 
9.5756367526e-03 
9.5756173532e-03 
9.9535867171e-03 
9.8513799675e-03 
1.0347565924e-02 
1.0089011810e-02 
9.7397446049e-03 
9.7798541625e-03 
1.0192642814e-02 
1.0232212024e-02 
9.7522397681e-03 
9.3709063835e-03 
1.0087135758e-02 
9.2133826051e-03 
9.9599112529e-03 
9.4041769996e-03 
9.6964744208e-03 
1.0139846806e-02 
1.0694949177e-02 
1.0018558189e-02 
9.9016880194e-03 
9.8358886179e-03 
9.6553405931e-03 
9.7322156952e-03 
9.5979160628e-03 
9.9194199977e-03 
9.6839168265e-03 
9.6597903576e-03 
9.3626134900e-03 
1.0087267249e-02 
9.7802497710e-03 
1.0411363485e-02 
9.4790854957e-03 
1.0042970412e-02 
1.0382331867e-02 
1.0260556039e-02 
1.0430883779e-02 
9.5309615569e-03 
9.2958464917e-03 
1.0586002245e-02 
9.9305594176e-03 
9.1909518210e-03 
9.6032915982e-03 
1.0024186444e-02 
9.3565824260e-03 
9.8996883047e-03 
9.8202607091e-03 
9.6343700872e-03 
9.8043397380e-03 
9.8256166596e-03 
9.0654323862e-03 
1.0017918499e-02 
9.8808040299e-03 
9.3999285172e-03 
9.8260273183e-03 
9.8151653300e-03 
9.9885238197e-03 
9.2464912361e-03 
1.0266288283e-02 
1.0057758871e-02 
9.3271825270e-03 
1.0062278109e-02 
9.1554485725e-03 
1.0097382998e-02 
1.0264969573e-02 
1.0131311586e-02 
9.1190695762e-03 
9.1975027158e-03 
9.6795743792e-03 
9.8176699678e-03 
9.8462797242e-03 
9.3907324611e-03 
9.8704230503e-03 
9.8911037703e-03 
9.9024585228e-03 
1.0168889704e-02 
9.4011875790e-03 
1.0288898332e-02 
9.9213962467e-03 
9.8059048027e-03 
1.0411240445e-02 
9.9973120856e-03 
1.0299403298e-02 
1.0313151024e-02 
9.7653641507e-03 
9.5413065507e-03 
1.0149112152e-02 
1.0092130152e-02 
9.6031808733e-03 
9.4879096935e-03 
1.0137262117e-02 
1.0137262117e-02 
9.9584660210e-03 
9.4344298540e-03 
