2.858444
0.352301
7.329204
2.034004
1.534690
1.560621
1.322562
1.414870
1.722635
2.688160
0.103729
1.725100
2.778813
1.145903
2.208229
0.940986
1.613599
1.801920
1.595626
0.242507
1.451309
0.180971
1.960366
2.535873
2.192978
0.827866
4.158157
3.189360
3.368022
0.955490
1.492050
1.591915
0.119552
0.343164
0.551295
2.108631
1.670498
1.554721
0.465834
2.271168
1.924968
1.172710
2.533157
1.628603
3.073724
1.582497
0.684177
1.114216
0.297066
0.065128
4.650525
0.175653
0.697772
1.377772
0.442933
3.438324
5.860088
0.640181
0.420817
0.252253
1.706576
1.993736
2.478336
0.284270
0.241993
1.155410
3.007313
0.310111
3.128127
5.420531
2.715668
0.361160
0.393770
2.011310
1.587403
0.842505
0.515054
0.860577
1.252418
1.347445
1.578503
0.548911
1.484671
1.310659
1.506238
0.652157
0.187506
1.228417
0.354837
1.857729
0.890816
0.274004
0.775603
1.811053
0.621651
0.216242
0.651749
1.058646
2.560654
3.053098
0.909943
0.793164
2.598236
1.058630
0.583706
0.210279
0.954623
3.488083
0.305866
0.796215
0.010188
0.567022
0.601946
3.048418
0.130891
1.080120
0.661616
1.554859
0.936438
1.127502
1.332307
1.018231
2.360852
1.941630
3.128700
0.993302
1.039589
1.170895
0.720613
2.190652
0.899737
0.060087
1.313860
2.170579
1.656428
1.259725
1.433459
0.260611
0.039475
0.041976
1.575010
3.010443
1.041069
2.423813
1.582081
6.763179
1.741912
0.763058
0.945205
0.137885
0.894860
1.295231
1.295098
1.297625
1.073852
1.769121
0.922708
1.017847
2.553918
0.818625
2.010751
2.565804
3.060600
0.242490
0.222466
0.569725
2.646725
0.971461
3.048990
1.612567
2.760855
0.594683
1.766352
0.641253
3.360018
1.132857
0.910970
0.567288
0.331785
4.226573
0.696657
1.679283
0.352081
1.054108
0.853038
4.175639
3.683780
0.932869
0.575213
1.437571
1.400711
0.810699
1.238259
1.349207
0.612172
0.083410
1.108413
1.294885
5.000060
0.155992
0.418481
0.033942
1.103220
0.300450
0.583939
1.951597
0.392404
1.377450
1.508531
1.118610
3.452285
1.762682
1.278581
1.730142
1.728294
0.903354
0.634840
1.477237
3.155910
3.226091
1.197133
1.946367
0.141910
0.526005
0.800094
0.416793
2.914730
0.581812
0.365239
0.748024
0.635264
0.117914
3.086754
1.002393
1.226308
3.350177
1.581671
0.854089
0.496692
1.094704
0.088019
0.391542
1.158974
1.683840
1.712880
0.464331
2.522940
1.717797
0.337140
0.152398
1.021814
0.351287
1.606249
0.065568
2.045187
1.260496
0.270902
0.701093
1.053434
0.899239
1.902580
0.481051
4.284952
1.738505
0.123795
2.537067
0.438581
1.053228
0.316572
1.299328
0.909751
0.213589
2.336562
1.046696
0.669769
0.955659
0.749591
0.362805
1.659643
1.215372
1.641975
1.487117
0.224275
1.218578
2.188099
0.504949
0.651764
2.331281
1.769925
0.350413
0.867261
0.093431
0.563748
0.492671
1.920510
0.691367
0.753654
2.165469
0.444289
2.190999
2.549113
0.637116
0.934427
2.058246
1.344404
0.451343
2.918107
1.450614
1.192141
0.253307
0.527145
0.991925
3.285168
2.073333
1.066598
0.081377
0.095555
1.150199
0.084324
2.298936
1.207182
1.286680
3.191790
1.131529
0.837412
0.207687
0.598255
1.575870
0.191394
1.277697
0.218406
0.638225
4.530766
4.462970
0.211593
3.124257
2.011643
0.310102
1.696057
1.373618
3.020930
0.727267
0.956012
4.785888
0.420692
2.617945
0.960746
1.596282
3.054518
0.133062
2.471973
0.355823
2.136656
3.239929
3.654225
1.654846
1.342833
0.684785
2.607396
3.592322
0.827601
0.583439
1.074884
0.632276
2.627894
0.340865
1.234841
0.703452
0.724867
1.978386
1.883629
1.835175
1.231847
0.488733
0.732603
1.144216
2.468508
0.332062
0.846550
0.241865
1.508382
0.637506
1.742549
0.929895
0.107058
0.237809
1.372106
1.612284
0.618943
2.952977
1.060539
0.567122
2.356253
0.371093
0.046448
0.702900
0.492517
0.086505
1.599639
0.829655
0.396261
0.350040
1.214418
1.231286
0.254440
1.405715
0.349013
0.907207
0.538932
1.365570
1.475578
1.974450
3.108774
1.662218
1.459249
3.867186
4.655123
1.109594
1.263745
4.970448
0.318254
1.837983
1.750402
0.062648
1.522352
0.600564
0.202196
2.245214
1.437916
1.117810
0.207717
1.410936
0.806098
5.359416
0.210873
0.995415
0.511513
0.583815
0.627884
2.415764
3.276937
0.567160
1.713075
2.514595
2.776367
3.164557
2.124004
3.007727
1.058506
2.511405
1.428582
0.101406
0.486905
1.266844
1.392956
3.074010
1.050676
3.217037
8.024429
0.945522
1.287209
0.197404
1.726030
1.076119
1.542777
1.663176
1.884732
3.199625
0.610369
4.954999
0.014578
1.534692
0.120447
0.899218
4.213774
1.930356
0.497542
2.647391
1.307436
2.276861
0.531019
2.663412
0.671285
0.264884
5.814502
0.746398
3.015755
0.605573
0.890914
1.873547
2.044022
1.195953
1.160010
1.096750
2.693119
1.185934
1.156676
3.329670
2.727515
2.307139
0.364005
1.657075
2.072894
0.523517
0.299301
1.484763
1.315084
0.456399
3.657732
0.764067
1.681528
0.120451
1.426385
0.236436
1.490275
1.738654
1.589798
5.420038
2.006911
1.553166
0.223246
0.165205
0.560032
1.470666
2.060548
0.201155
0.952782
1.160728
2.375514
0.487777
3.419218
0.966928
0.186279
0.262045
4.001074
2.538431
0.553183
1.120358
2.988745
0.309690
0.925932
1.572050
0.963587
2.278919
2.684434
1.229818
2.300213
1.724484
0.658233
0.587717
0.053503
0.824259
1.523824
0.601077
1.607113
1.491742
5.765313
0.732622
4.116772
0.267614
1.615907
1.600833
1.559399
2.741181
0.042101
1.716047
1.001042
1.574479
1.619989
0.646722
3.101279
1.085663
3.572714
0.057389
1.994008
1.344478
2.755688
0.808236
0.902866
0.828686
0.538708
2.550508
5.375276
0.208463
0.681370
0.599274
0.725374
1.060723
1.312387
3.546909
0.287490
2.540514
0.073079
1.220502
2.203523
0.089374
1.651213
0.700478
0.178432
2.312528
0.314233
0.878370
3.287890
1.303942
0.521598
0.279172
0.476234
1.941325
2.508770
3.275246
0.294753
2.323326
1.114298
2.033554
0.622340
0.339882
1.045377
2.340190
1.155668
2.441402
0.453052
1.509065
0.684498
2.159421
0.499246
2.462408
1.759063
1.780261
1.015101
0.180771
0.425441
1.351138
1.619796
0.702742
1.780856
1.279222
2.204716
0.419528
0.826991
1.674287
1.818912
5.051599
0.462939
1.229979
2.055095
0.778416
0.052951
0.843072
0.432997
4.457217
3.489281
1.860656
0.284916
1.072525
2.377145
1.698629
1.901438
2.043621
0.933216
3.482821
1.981249
2.898637
0.457647
3.781933
0.480837
2.201852
1.363688
1.441361
1.257403
0.772864
0.616290
1.425229
1.138154
1.835862
2.432397
2.020934
3.729146
1.864664
1.881217
0.670313
0.962591
0.816241
2.983241
2.524115
0.989851
0.504429
2.512660
1.525830
0.213526
2.233139
0.238057
0.234107
0.950082
1.407052
0.626144
0.870457
4.403116
1.889949
1.931106
0.816935
0.903172
2.794975
0.464065
2.239509
1.104641
1.389726
0.721373
0.946078
1.746448
1.196144
2.361023
0.088622
1.598910
0.967952
7.127070
1.116802
2.908526
6.144160
0.738768
1.003068
1.470549
2.818908
0.277115
1.323523
1.640940
0.610636
0.124968
1.992091
0.919054
0.305422
1.349242
0.560358
0.539255
0.325590
3.889709
0.588876
6.160543
1.747369
2.021982
2.562717
3.790827
2.564187
1.238549
0.492642
1.719765
3.077379
2.195046
7.304579
0.240674
0.644952
0.570489
1.635685
0.770409
4.381322
0.079771
0.234917
2.342658
0.850055
1.905051
0.835888
0.995768
2.317879
3.749219
3.157891
0.256652
2.007413
1.013338
0.586018
1.002267
1.852220
0.367667
0.418098
1.422779
0.238317
0.582034
2.852763
0.502871
0.154062
1.364271
1.258341
0.122870
0.070875
3.292651
0.535373
1.077549
2.628350
0.753122
4.233553
0.514064
0.378864
1.230844
3.128202
1.638148
0.848680
1.976010
0.404692
5.269124
1.402210
0.606140
1.435944
0.658509
0.540333
0.343998
0.659708
0.608318
1.607975
0.572659
0.747992
2.301404
1.512320
4.650953
3.804094
2.696423
0.143716
0.898719
0.381031
4.743904
1.880739
2.646352
1.603218
0.899886
1.137523
0.824457
2.261405
1.026224
0.921317
1.128955
0.290360
0.549082
1.149277
1.328451
1.076456
1.955545
1.048684
0.896507
2.092995
0.734414
0.142134
2.021283
1.809714
0.312445
3.108868
0.360303
1.400849
0.645388
0.251283
0.607074
1.170728
0.354052
0.144490
0.677421
2.373982
2.898340
2.017404
0.209270
1.383118
0.458856
1.448921
2.727129
2.351809
0.065327
0.602396
1.740725
1.131110
2.492523
0.165301
0.412937
4.643979
1.709000
0.973423
1.570172
1.268497
2.530667
1.577268
1.602936
0.403777
1.283518
0.782446
0.351178
1.305227
1.311203
1.349251
0.193006
2.226970
3.654274
0.509752
0.055345
1.537191
0.894618
1.748239
1.066318
0.366351
0.482614
0.985980
1.397952
1.715579
2.218525
4.157671
0.800019
1.599110
3.443567
2.433140
2.859857
2.872265
0.866720
0.101083
3.845954
1.098256
0.211645
0.827866
0.750821
1.519174
2.293578
0.644349
0.529302
3.559703
2.659176
0.472609
3.480992
2.190577
2.935803
0.797762
2.587501
2.876473
0.091897
1.881971
2.168879
0.429848
2.238567
2.992371
1.143890
0.091413
0.381187
1.790774
0.387412
1.062728
2.973586
1.696009
1.865236
0.575881
1.011700
1.516175
7.408481
0.983710
0.686440
0.545192
0.808902
0.232024
0.643513
0.839669
0.286540
1.161559
0.365857
0.359614
2.814365
1.066004
2.771555
3.035518
1.352563
1.270428
0.209699
1.181044
1.118235
1.137019
1.520497
0.860689
0.112046
0.160899
2.036449
2.384156
0.891076
1.462406
1.646126
0.400310
1.553383
0.823638
1.412650
2.868575
1.038313
4.593370
2.414730
0.620294
1.908170
1.628839
0.090451
3.061066
0.012168
1.176514
0.718411
0.989003
3.300721
1.612281
0.469374
0.288912
1.161755
0.479867
1.525637
1.911986
1.843667
1.118966
0.403163
0.431166
0.076208
3.581156
2.561578
3.971912
1.637054
0.165214
1.591179
0.978784
1.992363
0.377886
0.662447
1.822703
1.837309
2.671814
2.016264
0.518399
1.623681
1.181276
0.446753
0.660718
1.265561
2.146906
0.860559
0.852636
0.234291
0.386005
2.674102
2.736968
0.116746
0.864134
1.782729
3.887901
2.226110
0.661100
0.917816
1.722312
0.144853
1.741919
1.215858
0.134784
2.602569
1.442645
1.152878
0.176046
1.426361
1.309755
2.475906
0.072424
1.491736
4.366249
1.006693
0.016884
0.016048
1.501618
1.359284
1.466832
0.296473
0.343146
1.192914
0.188950
0.195329
1.195565
2.393500
1.120469
7.222289
3.998167
0.708176
0.195321
2.097886
1.283810
2.568124
0.870563
1.473266
1.636791
5.725508
0.693633
0.215508
2.108246
0.728853
1.017268
0.852915
4.458945
0.687810
0.199295
0.831221
0.220340
2.748583
1.275052
0.223647
2.043928
1.242797
3.602874
2.826390
0.612484
3.380328
1.052931
1.554923
0.289207
3.560710
2.246680
0.287719
1.582732
0.016370
1.199175
0.623148
0.681843
2.437704
0.382199
6.321330
1.227449
1.322557
1.270459
0.276723
0.871222
1.426182
2.265400
2.135371
0.332357
4.952053
0.843859
2.316743
0.731571
0.367138
0.815923
0.209744
1.631449
1.192735
1.524036
0.815003
0.065804
0.318671
1.528277
0.471497
0.352850
0.246153
1.364725
0.863312
1.877494
2.034781
2.444909
0.616244
0.575429
1.549931
1.171360
1.434761
1.253112
2.081567
3.186100
0.481473
2.958019
0.299238
2.108630
2.673749
0.252207
1.757604
0.109961
0.333824
1.866153
1.108449
2.471483
2.492258
0.082962
1.881247
1.149344
4.424635
0.785991
0.413149
0.999924
1.536354
0.117291
1.985160
3.131147
0.153403
1.327489
1.235510
0.633256
0.676349
2.110439
0.564848
0.889921
0.330515
2.158964
1.025437
3.770040
0.662052
1.044258
1.925549
0.126399
0.346410
3.157066
1.068896
4.604811
1.999049
1.596123
1.748235
0.481159
0.290804
1.498383
3.508412
7.076537
1.137067
0.676770
2.381329
4.098868
2.036801
0.789441
5.889496
1.350750
0.181441
1.278509
0.281004
2.740319
0.581874
1.671669
2.932492
1.841023
2.354968
1.719322
0.743369
1.638369
2.917701
1.627653
0.234310
1.713978
1.094337
2.147344
0.236494
0.943999
3.128045
0.652288
3.819464
1.307469
0.513410
3.684045
0.181915
1.207112
3.240413
1.654726
1.681585
0.721680
1.156325
0.892661
1.007289
0.208097
0.881354
2.961459
0.843551
1.485274
1.481231
0.311553
2.251325
0.422354
0.073336
0.399503
6.006775
0.900735
0.658555
2.482918
1.885503
0.881634
1.902050
0.521109
1.985804
3.307375
1.642350
0.999719
0.931165
0.832460
1.317074
4.607565
1.392299
1.565023
2.443308
0.682098
0.907119
1.139457
1.180186
1.675431
1.391237
0.759877
1.417525
1.227917
0.547093
0.258342
1.259379
1.421292
0.897918
0.802508
0.109416
1.713264
0.624438
1.583173
0.716320
1.262293
0.877443
1.063216
1.068386
1.572694
1.072230
5.597332
1.528914
6.266012
2.872591
0.260901
1.963772
1.151366
1.325115
0.891484
0.352961
1.536777
1.991099
1.545383
1.080919
3.285679
1.596480
1.854186
1.932619
0.221263
1.609940
2.158203
3.183153
3.908267
1.258025
1.724591
3.305450
0.581526
1.080872
0.139606
1.513698
1.844677
0.812314
2.154911
2.209137
4.350098
1.432226
1.177008
0.299217
2.114383
5.286933
0.687166
2.340079
1.303101
1.610058
1.676503
0.502892
0.221516
0.484361
0.637913
0.228390
1.101497
2.203189
1.506955
0.070321
0.827956
2.624317
3.746649
0.206171
1.973838
0.397191
1.736548
0.657817
0.297567
0.679562
0.305720
1.653183
1.085279
1.304428
0.638966
0.263387
0.139925
1.441334
0.591731
0.940271
0.693173
1.776772
0.091690
2.647139
3.962736
1.800466
0.977339
0.277654
2.306555
2.720430
1.624761
0.311821
1.056063
6.586150
2.336609
1.854464
0.615118
1.620030
2.960215
0.486359
1.984946
1.255869
1.482587
0.213327
1.197040
2.393280
0.381755
1.594227
0.195812
1.948186
0.682818
5.427129
1.617476
0.761923
0.592651
1.918861
0.902144
3.544424
1.428401
0.579742
1.716953
0.649101
0.155370
0.981014
1.353700
1.771281
1.404734
2.217388
1.911675
0.121042
0.690144
1.231794
1.981782
1.143691
0.432812
0.770432
4.107898
2.237032
1.058964
5.213545
2.865000
0.615969
1.357233
4.659038
1.517413
2.614022
1.357401
0.572988
2.309926
1.018545
0.562399
2.251074
0.301948
0.458821
2.459388
2.750750
3.899580
0.657275
3.420720
3.896743
2.283446
0.338619
0.426726
0.105001
0.418915
3.758651
2.051280
2.821731
2.371889
2.314382
1.277955
0.899540
3.948277
0.246977
0.562566
4.110934
0.143122
1.882070
0.648770
1.199692
0.867444
1.618658
2.979784
1.890662
1.049244
0.462365
3.683120
0.873754
0.539827
1.074228
1.080672
0.035654
1.246548
0.550133
0.768163
0.783790
0.676908
3.121417
4.342496
1.531939
3.980376
0.829645
0.378149
1.205875
0.368655
1.240922
0.192516
1.065645
2.025481
2.632803
0.261105
1.049229
0.379282
0.701683
0.796731
1.940550
0.220984
1.822067
0.932571
3.910320
0.738481
2.164271
0.044727
4.088796
1.192769
0.789342
0.848700
0.770984
0.480956
0.924824
0.679554
0.318129
1.049469
0.280073
0.713575
0.760524
0.421501
1.611254
2.758437
1.929675
0.785920
1.910930
0.755397
0.303973
0.483081
2.248546
0.797736
0.648221
5.670518
0.623407
2.935400
0.991020
0.707436
1.023284
0.574405
1.549768
0.931749
3.690480
1.550563
1.365951
0.894013
1.230160
1.058189
3.541302
0.954026
2.248804
2.225944
0.495755
1.542734
2.999896
1.128593
1.676469
0.832946
2.081350
1.795875
0.307476
2.009377
1.759706
0.307651
1.224329
0.930109
1.449901
3.645296
0.301661
1.373505
3.042159
0.509712
1.438253
2.124386
1.105964
0.964980
3.270271
3.316459
0.078110
0.154524
4.891399
1.964080
3.852347
2.995816
1.807877
0.140079
1.320606
0.827842
1.944303
0.952973
0.505931
0.104337
5.746374
0.832166
1.705804
1.129996
1.544129
0.055584
0.188620
1.289763
1.619170
2.841562
0.554984
1.670978
0.559694
0.302313
2.246403
1.088510
1.844617
0.237335
1.449414
0.972962
0.352258
5.674920
1.181391
2.046475
0.621659
2.576820
1.526024
0.983644
0.824050
1.310901
1.545698
1.774110
1.226864
0.133403
1.321283
1.249338
0.402677
5.196953
0.505212
2.576344
1.793628
0.966349
1.972766
1.927510
0.396556
0.968312
0.246774
0.740820
3.753266
1.902223
2.403471
4.865077
0.325424
1.173398
3.132295
2.155436
0.659213
6.206088
0.330148
0.910116
2.784205
1.896528
0.689554
0.534297
0.425621
0.366401
1.381190
4.340565
0.062825
1.534000
4.446474
2.168244
0.747808
1.666424
0.755683
0.782407
0.711934
0.969998
2.851744
3.736982
1.921016
0.557110
4.715105
3.648372
0.600416
0.618167
1.603625
0.917941
0.425606
0.643492
2.094234
3.270108
1.432631
2.002500
0.591500
0.744734
0.274048
1.232262
1.175361
8.307853
0.618156
0.370552
1.494154
1.496245
2.222463
1.064083
1.155709
1.100464
0.743236
0.372940
1.246170
0.522597
0.305038
0.777514
1.352945
0.968403
1.999618
0.272682
1.451437
0.217327
0.908261
0.455003
1.120652
1.041190
0.647033
0.448948
0.396720
1.271090
1.863582
1.476349
1.671510
1.969604
1.578476
1.287614
0.951061
0.465920
0.774880
0.808028
1.121349
2.027026
1.400835
2.591856
2.551431
3.505439
1.449646
1.186549
0.832588
0.748618
0.079252
1.772793
4.801225
0.675065
0.506324
0.177145
1.327482
0.603240
0.787360
2.007233
0.893055
1.794854
4.683419
1.847836
0.463510
2.841699
1.261091
0.052000
1.319968
0.704678
3.691819
0.585284
1.098209
0.631128
0.372681
1.246397
0.257768
0.486243
0.347889
0.053631
0.157289
0.583448
1.668754
1.518067
1.292074
2.531789
3.341951
2.222117
0.810120
0.748610
0.405512
1.076300
2.036299
0.681034
3.136520
2.690682
0.988470
0.745638
1.296051
0.757316
2.259484
4.393123
1.052939
4.725355
0.589867
0.518733
0.721481
1.235511
2.154888
0.227481
0.842870
0.924454
0.973153
0.247274
1.128377
1.777289
1.330682
0.639746
0.513870
2.036450
0.601030
2.878473
0.813136
6.411130
3.951715
0.500805
0.296038
0.181913
2.048194
4.937789
0.916819
0.223465
0.207794
2.057114
2.611045
2.115935
1.792995
3.215027
1.571272
1.352801
0.440520
3.189771
0.525706
1.187341
1.204990
0.088479
0.393592
2.647259
3.318829
3.073226
1.846223
0.292567
4.472423
0.902537
0.981074
0.196694
0.087930
2.078433
0.217784
0.591795
2.167836
0.993236
0.575842
0.632299
3.289041
0.132182
0.206026
5.210916
1.297433
4.470360
4.706225
0.453154
0.557195
1.853381
0.638261
0.373942
1.257854
0.993750
0.449348
2.186761
0.303314
0.451551
0.267290
2.128062
4.737530
2.664548
0.369715
0.383477
6.929246
1.959060
1.302503
1.583190
0.199849
0.368913
4.034862
1.195243
0.904911
1.318226
0.602960
1.109977
0.632506
0.929119
0.181588
2.067440
0.069907
1.072150
0.013726
1.493496
5.358495
0.164523
0.191485
3.905354
0.902896
0.701976
3.782447
1.917821
2.302157
0.597272
1.312825
1.178568
0.721843
0.820534
0.179695
2.165972
1.889054
1.944831
1.239693
0.808790
0.625615
0.849724
1.534592
0.194909
0.216052
4.444451
0.284409
2.269142
2.660724
0.538234
6.118936
0.971968
1.748974
0.469547
1.897922
1.364832
2.681015
0.416688
0.102688
1.273407
1.071895
1.278964
0.451019
0.194040
0.267609
3.995018
1.244703
0.758607
0.827601
1.666339
2.611325
1.626863
2.712942
0.375291
2.027203
0.106346
4.104111
1.769585
0.278994
0.416423
0.601455
0.448665
1.317895
0.989507
2.407629
0.151785
0.260792
2.288885
3.140273
0.135893
3.010586
0.593665
1.162986
0.746183
0.566245
1.110868
2.152376
0.058678
0.465672
0.418459
0.126010
1.837900
0.188683
2.092092
0.763160
1.331433
1.180548
1.023888
1.519800
2.265745
0.507780
0.838613
1.895658
0.590491
2.098572
3.278436
2.362778
1.507050
0.295130
2.394164
0.890267
0.360638
0.677266
0.269396
3.078411
1.536660
1.345732
1.725062
2.475413
0.263269
1.111387
0.801046
2.143682
1.748575
0.714671
0.579073
1.151126
1.325066
0.497982
0.187316
1.958273
2.428533
1.539417
2.576018
0.701519
0.257009
0.264268
5.681743
0.140167
0.618365
1.802239
1.135087
0.249948
0.721139
0.558982
2.465884
1.978970
1.781332
1.848769
2.124699
3.600471
0.536501
1.310444
0.397966
1.333124
1.158418
1.667721
0.129023
0.342160
4.501240
3.686553
0.946895
0.495028
4.079711
1.282699
0.999664
1.190782
0.042346
2.178503
0.462947
1.627797
0.649269
2.260893
2.317273
4.182190
1.335983
1.738548
0.712706
0.219672
0.963742
0.652368
0.869243
0.292161
1.322000
0.382434
0.227021
0.336240
0.291430
2.463202
0.231922
1.748195
1.156334
0.361994
2.776615
0.153302
3.848313
0.341885
1.326808
2.783362
0.925342
2.776804
0.564585
0.390877
2.728883
1.272119
0.605255
0.553596
0.859081
4.322107
0.884824
0.736658
0.910732
5.178668
0.661702
0.291336
0.392218
1.346322
2.776537
0.317446
1.529310
0.756968
0.809079
0.521671
1.284763
0.586354
3.500556
0.485030
0.661194
0.667645
0.523828
0.655549
1.654079
2.520433
0.766971
1.956749
2.375967
3.014982
0.944340
0.812672
0.476258
0.876585
0.707715
0.195228
0.477417
1.440517
5.956485
1.449157
0.615246
2.631534
0.178162
1.731023
1.229318
1.286759
2.813096
1.117816
2.837268
0.608702
0.184884
0.273616
1.551450
2.020035
0.423418
2.007906
3.017377
2.312289
1.941120
2.619990
1.936430
1.092075
2.684656
0.439843
1.004746
2.219427
2.246853
0.249252
2.138534
2.724641
1.273001
1.833921
0.606709
0.173535
1.983682
1.863863
0.102120
1.095500
2.599511
1.972394
0.851560
1.423094
3.589871
1.836520
0.277249
0.930448
2.447132
1.116512
0.240879
1.390999
1.832545
1.358009
1.868461
0.508548
0.932489
0.391678
1.347140
1.403767
0.274876
2.528797
2.379445
0.538414
1.724361
1.872830
1.407353
0.567368
0.177988
0.344381
0.338394
1.219811
3.837815
4.189065
0.293309
0.583389
0.738039
0.678539
0.045931
1.955526
0.864605
0.851538
0.647275
0.580442
2.724751
2.609200
0.774601
2.792269
0.576799
3.251488
3.443718
0.625247
1.469047
0.565509
0.374393
0.964027
0.276388
0.204479
1.515720
2.717817
0.315675
1.023479
0.060542
1.312777
0.361169
0.688155
1.610361
1.051823
2.672052
1.400458
0.208302
0.807117
2.936194
1.209215
2.753263
0.759029
2.669019
0.918960
2.142006
1.313978
0.460569
0.981209
2.365275
0.213274
0.679657
0.094017
4.174244
1.008078
1.674148
5.116681
0.030006
1.278239
0.488583
0.194705
0.534580
1.525056
0.615674
1.793877
5.777087
0.739620
0.657239
0.685116
1.129911
2.565205
0.582885
5.681805
0.361329
0.728070
1.699072
0.814230
1.341309
0.189843
0.900314
7.760501
0.821738
2.155009
1.419673
0.666534
1.704962
3.411522
1.431187
0.415352
1.532475
2.752412
0.400580
1.596734
0.392442
0.936800
0.430159
4.117893
1.075249
1.192880
2.318750
0.631935
1.840336
1.938209
2.223763
2.105979
0.994814
0.605440
0.571395
1.412328
2.427533
2.338956
0.028554
0.509915
1.460304
0.403410
0.646232
0.064829
0.102347
1.666063
1.555366
5.416734
0.527175
0.537482
1.351783
0.508101
3.572908
1.575337
1.654805
1.636909
6.110553
1.613110
1.046360
0.909415
0.694479
0.431570
1.479848
1.438394
2.654674
1.143112
0.849272
1.348029
0.980718
3.260099
1.900456
0.297781
1.118488
1.572813
0.831150
0.594036
2.923354
0.909699
0.698082
0.524407
1.129457
1.349520
0.257276
1.271710
1.985908
1.538166
0.687194
2.371244
1.094993
4.192751
1.073007
2.481261
5.447656
1.495051
5.659169
1.559944
3.128791
0.920919
2.256661
2.502603
2.340518
0.811199
0.782104
1.902503
1.166100
1.447194
0.730314
0.123594
0.594465
1.627095
0.600897
0.355413
1.709528
4.131974
0.687768
0.768682
2.703626
4.643648
1.225047
0.849764
1.458917
0.797847
0.643116
1.396664
1.135384
0.650628
0.650704
0.730047
1.133038
0.713022
0.434316
3.539800
0.640216
2.120817
0.195074
1.203899
1.029287
0.694566
0.501904
0.842466
0.950211
1.270918
1.436473
1.484611
0.731632
1.360180
0.370913
0.379360
0.185800
1.053229
1.470515
1.825320
1.334089
0.221004
0.652749
0.165354
2.366756
0.789852
3.552328
0.047987
1.678383
0.585909
0.958259
2.859480
3.151922
0.384338
1.198071
1.877166
0.203756
2.860876
1.088559
0.888367
4.352969
0.854846
0.682681
1.022438
1.223373
0.853415
2.035198
0.523208
0.895343
5.101866
0.752764
0.656111
0.479528
0.233921
5.085086
0.856380
4.173869
0.063803
1.259503
1.887912
1.247037
2.194032
1.291397
1.331441
0.692609
1.186752
0.331185
0.680980
1.328206
2.552414
2.206703
1.567390
0.075143
0.448560
0.451309
1.277712
1.478090
0.818166
0.385021
0.221148
1.048892
1.945231
2.675758
0.459634
2.738056
3.790874
3.864913
0.042774
2.227476
0.599141
0.140956
3.059932
0.322797
1.038077
2.961882
0.489186
1.737157
2.419758
1.707665
1.677667
2.213741
0.914168
3.779604
0.345597
0.422462
0.492384
2.886339
0.649065
1.007830
0.543749
2.513504
0.832376
0.241690
0.387579
1.698835
0.019978
0.801463
0.964380
0.307318
0.424852
0.511463
0.914304
0.381134
1.255788
2.457725
0.269912
2.901757
0.901652
2.094069
0.615842
0.374162
1.417069
0.814985
2.399328
2.322506
1.640343
1.184149
0.438080
1.225192
1.754458
1.170114
0.295651
2.806571
0.569277
2.246519
0.331543
0.705637
1.883283
4.412385
1.723872
1.502081
1.210242
0.621997
3.899058
2.408219
4.076663
0.398598
1.421426
0.554207
2.875282
0.447625
0.156327
3.932959
1.095837
0.550301
0.742735
1.206336
2.047820
1.862183
1.612398
0.844151
0.170237
0.760530
0.757675
2.181537
0.793789
2.567316
0.869894
0.298910
1.278858
3.070568
3.546754
0.865420
0.559107
1.097079
0.173306
1.626018
1.710146
1.962621
0.675245
0.867239
0.820677
0.810024
1.030655
4.671675
1.393330
2.256696
0.299309
2.213703
0.642738
1.808824
2.811107
0.881008
0.402124
1.197173
0.454630
1.317680
0.236979
1.558792
2.525076
1.328409
2.346857
0.581137
1.464924
0.920902
0.368483
0.603435
0.858887
0.526623
0.835033
1.335194
2.112020
0.275410
0.928566
0.354200
2.342130
0.304346
2.438949
1.698159
0.311717
0.682421
3.236644
0.603793
0.560559
0.621519
1.260060
0.204482
1.407631
0.914460
0.702386
0.856807
1.354266
1.847209
1.745416
0.255284
2.088762
0.376409
5.548219
0.312043
1.012996
0.655714
2.112492
0.341243
4.556601
1.033550
1.149874
1.055974
0.762369
2.180544
1.356389
3.175860
0.687117
2.784091
0.622959
10.328017
0.936509
1.021053
0.158188
3.886762
4.132226
2.393055
1.221336
1.790359
1.423789
0.106758
0.912395
4.155542
1.282712
2.444984
1.963780
1.155266
2.188310
1.781347
1.339877
2.877398
1.158451
4.516745
2.481207
0.754544
2.055418
0.305857
0.960216
0.524791
1.466327
0.467330
0.589410
1.503704
4.221081
0.985011
3.549181
1.530893
4.129859
2.609009
0.244352
0.914456
3.943572
3.534396
0.131350
1.259723
1.686819
1.263202
2.893958
1.325354
2.991176
3.303455
1.524403
1.740694
2.185399
0.808300
0.003488
0.883731
2.846984
1.955093
0.373698
0.345790
3.267151
1.754260
2.988233
0.667821
0.356978
1.041607
1.105682
3.095166
2.374587
3.412726
1.809888
1.197125
1.762543
0.433528
1.316391
0.542184
0.766863
2.507207
0.061190
0.604515
2.040102
0.440024
0.727671
3.381258
0.091649
1.788745
0.811500
2.497831
3.311720
1.592496
0.766851
1.188801
1.363405
1.408504
2.516661
2.113145
2.088180
0.717946
1.293854
1.053686
1.193915
1.044875
0.528071
0.697003
2.727872
0.104377
0.407625
2.113040
0.405904
1.663048
0.762954
1.028145
0.993975
0.478991
2.191978
0.134199
0.197691
1.304722
3.138941
2.791906
1.060618
0.905065
0.236402
0.362405
0.225774
2.286115
0.895990
0.646646
4.262116
2.159505
0.893220
3.272544
0.968538
1.916266
0.838209
1.112450
2.420488
1.236174
2.161641
1.015928
2.098639
0.378618
1.384956
1.115153
0.849221
1.179039
2.343318
1.519771
3.879115
3.221771
0.143553
1.269458
3.486771
0.922263
2.237685
0.524932
2.418288
1.161162
0.817523
0.234924
0.854172
1.560101
0.339597
0.144352
1.224706
0.422609
1.020328
0.307895
0.668182
0.089164
2.127743
0.728937
1.132738
0.159121
0.760754
4.030595
1.442230
0.524806
1.184626
1.932731
6.551439
3.192278
1.136350
0.372910
1.690255
3.460491
0.327673
0.441723
0.349877
1.822160
0.779407
0.547304
0.675175
2.531254
0.568191
0.757282
0.997065
2.452165
0.423734
3.014616
0.711108
1.470878
0.883022
2.747064
2.512046
0.512049
0.768481
0.841396
1.425976
1.094435
0.991072
0.508401
2.480547
3.833324
1.125923
1.420289
0.762205
0.510513
1.483885
1.312332
2.966410
1.256721
1.692116
1.106513
0.278322
0.066691
0.692189
0.077034
1.594768
2.154649
1.279942
2.061972
0.751137
1.947220
2.430207
1.692704
1.008383
0.953903
0.561801
1.608580
1.917153
0.086985
0.366423
0.666714
1.375388
3.347749
1.206219
2.623593
0.822225
0.617328
0.787851
1.752981
0.659951
1.756939
1.886732
1.542306
0.401742
0.299501
0.827651
4.056282
0.166193
1.014714
1.755007
0.560064
0.983258
1.063162
2.667021
1.476344
4.983726
0.434960
0.545344
4.547745
1.203175
0.452616
1.865399
1.551102
0.805039
0.808169
4.010322
0.381517
0.514576
1.557928
3.389590
0.140287
0.973270
3.225433
2.560358
2.474054
0.145940
0.460308
2.840651
0.376541
0.970625
1.180042
4.076070
1.414222
3.474738
0.633596
1.999277
1.504146
0.881835
0.976157
1.934197
2.508050
0.961090
1.859276
0.704125
1.360180
0.440144
2.581443
4.628861
1.809633
6.271784
0.432989
0.843954
0.234581
0.715244
1.146858
4.359129
0.373700
0.679519
3.349847
3.344715
1.312602
1.239558
2.571708
0.372354
2.385619
1.219605
1.057196
0.188964
2.729533
1.783905
4.973695
0.090914
1.503824
4.004498
1.628961
3.718843
0.914400
0.556654
0.345535
0.745859
0.664949
0.497491
1.102560
1.434982
2.672618
0.065267
1.188400
1.510832
0.723306
2.156790
2.317427
2.837373
1.874171
0.759236
0.052170
3.187307
1.563331
0.311991
3.680846
3.560299
0.275403
1.156769
1.257629
1.778617
0.414119
0.564784
1.025778
0.573817
1.065721
0.695270
0.601844
0.155391
2.205442
0.359666
1.772085
0.649335
2.039273
1.172288
2.487030
3.786198
1.648673
0.666305
1.420834
1.689134
1.497804
1.261331
1.401187
0.531128
0.308628
4.268688
4.050504
1.647192
2.167497
2.886409
0.764505
0.861808
2.259483
0.936602
4.605845
0.274331
0.229319
1.177025
0.575799
0.360867
1.686490
1.592635
1.656878
1.390888
0.673069
1.653686
2.725216
2.950373
4.749957
1.246584
4.389783
1.118243
1.882950
3.367087
3.552792
1.107951
0.468673
1.577018
0.482028
0.856866
0.605012
0.548695
0.919990
2.636460
0.228246
1.254252
0.853248
3.471319
0.867130
0.124248
2.394020
0.992351
0.086365
0.966274
0.688332
2.326471
0.072718
0.787881
2.357804
2.995567
1.862300
1.363940
0.941319
1.236153
3.868097
1.090537
2.521688
0.133225
0.092674
1.314287
0.400650
0.912643
0.564326
4.816714
2.430782
0.253698
1.254686
2.269578
0.728210
0.637568
1.767808
2.690717
2.981157
5.581777
2.755869
4.048304
2.540226
1.440962
0.974049
1.022740
0.327098
0.615367
0.266512
2.731336
0.486099
0.308037
1.706922
0.604675
0.587784
4.092175
2.137189
0.196805
0.379593
2.425156
0.309494
1.803040
3.420327
0.777896
1.089255
1.354984
2.096325
0.546501
1.516373
1.111867
1.428396
2.885845
0.141404
1.688857
0.283999
0.673134
2.335901
0.640867
2.326024
0.643316
2.021553
0.147531
1.603648
2.887513
0.303378
1.652233
1.882995
0.120526
0.691251
2.943648
0.305404
0.498742
2.511851
0.169623
3.684369
0.312857
1.034928
1.275174
1.288620
0.884991
0.683210
0.486555
1.697785
0.440853
2.576751
1.580529
1.473851
2.717617
0.144999
0.347009
0.960231
2.923007
0.187647
3.453629
3.646003
4.088974
0.427792
0.217302
0.482845
0.060836
1.359418
4.474702
0.954209
1.342617
1.167924
0.480629
2.147782
1.281596
3.613011
1.368620
0.848742
1.973944
1.142510
1.431899
1.771053
2.788103
2.527897
3.936027
0.406473
0.090740
2.309671
1.191574
0.815083
0.291097
0.529506
1.248820
2.336573
0.278163
1.251955
0.723112
0.365401
2.545701
0.446060
2.829866
0.714836
0.646644
1.427513
2.666664
2.074850
1.141637
3.125062
8.368728
0.708984
0.826638
1.213242
0.850817
3.758687
6.376846
0.398298
2.482370
0.288280
0.310805
1.430307
0.411169
0.994560
0.800861
1.068047
4.852096
0.858239
1.244518
3.233584
1.000536
4.020114
1.732361
0.635441
0.992396
0.515345
3.887217
2.206354
0.586219
1.559131
0.260672
0.592242
1.240792
0.672990
0.727645
1.480235
1.509532
1.729117
0.899830
0.808121
0.755300
2.362274
0.093497
1.701042
1.569507
0.292717
0.766182
0.447144
2.979067
0.600984
0.379691
3.728942
3.468960
0.098156
0.437776
1.154027
1.521413
1.914112
3.568185
1.227982
2.326054
1.159400
3.448542
3.793362
0.474429
0.749869
0.510533
1.257941
2.447245
0.763950
2.238148
0.560257
0.562708
0.459660
1.689572
1.731983
2.021413
0.582377
1.168022
0.919414
5.197324
1.982196
0.315122
1.597616
2.239427
1.053621
1.653975
2.097801
4.114578
0.075081
1.287670
2.901777
1.165810
1.437127
0.036054
1.421583
0.740617
0.586271
0.151649
3.146944
1.507764
4.293997
1.070547
1.557473
1.590632
0.340436
0.847269
0.338910
0.630238
5.136029
0.520414
0.582330
0.784068
0.947680
1.633639
1.102929
1.912482
0.743763
1.390530
1.278744
1.719749
0.429589
1.721717
1.104662
2.200976
2.211781
1.020713
0.508705
1.931920
1.501242
0.533797
3.219004
0.600456
0.460028
0.077266
3.497987
0.888626
0.680746
1.137101
0.936468
0.772330
2.074292
2.383619
4.179695
1.561222
2.307622
2.075850
0.666880
0.263818
1.763885
1.354334
1.621588
0.190274
0.422183
0.896669
5.295077
3.872774
1.030349
2.099128
1.136084
2.985843
1.436754
0.813012
0.399138
0.061840
1.614244
0.992740
0.611378
0.967084
1.458676
1.410733
1.745508
0.970766
1.456884
0.037619
1.339749
0.945942
0.855433
1.051853
0.565965
2.259985
0.954953
3.097095
2.043211
1.056935
1.182565
0.497618
5.141429
1.170289
2.138958
0.252326
1.464428
1.207237
1.413359
0.213243
1.618680
1.106773
0.542254
0.257187
1.191210
1.558663
0.511649
2.449475
0.536993
0.937302
0.876417
3.781938
2.523452
0.749978
1.465744
3.476606
1.100990
0.117026
0.883126
1.885101
4.088141
0.300359
1.139289
2.175455
0.059029
0.026946
3.416647
1.489079
1.145187
0.368080
1.028751
1.052726
0.408606
0.956946
0.042330
1.090434
1.940728
5.024256
5.435851
3.815560
1.466032
1.920814
0.530087
3.468259
1.619798
0.280301
2.881529
2.223053
1.971106
2.101883
2.021367
0.956979
1.812969
0.413918
2.750062
1.380469
1.424001
3.259498
1.943034
1.114322
1.803623
0.032766
1.182982
0.544833
1.894566
0.945752
0.759715
2.541387
0.532370
1.963069
0.928412
0.809048
2.295151
0.915152
0.437792
6.706436
3.988000
0.175778
0.551450
0.326779
0.137139
2.380028
0.408205
1.773387
2.315958
0.088567
3.109393
2.443311
2.712224
0.805357
0.734048
1.575117
0.537459
1.219147
0.961574
2.611892
0.822412
2.076244
0.807828
0.212941
2.135540
2.860698
3.519099
0.690284
1.129222
1.183646
0.782292
3.336296
4.029537
0.360771
5.707749
1.161468
2.553425
1.720558
2.109896
0.975997
1.102524
1.483814
1.551669
1.212862
0.404179
0.630276
0.656204
0.297956
1.377641
0.681922
0.280456
0.654803
0.713012
3.890703
2.490414
1.148852
2.083523
1.465014
0.273951
0.808866
0.731134
1.311477
6.904102
1.760952
1.429805
0.806901
1.310033
4.008232
0.140936
3.057561
1.262960
0.005552
3.332050
4.591411
1.111222
1.842551
2.433851
0.813625
0.777703
2.567147
2.426004
0.561517
1.046629
0.134069
3.786390
1.771280
3.448673
2.711271
0.724521
5.929415
4.617144
2.152563
3.533865
2.486042
2.349086
2.336477
1.574117
1.206678
0.769681
1.059108
0.878161
2.138571
0.841008
0.655052
1.521765
0.245288
3.706490
1.702953
3.199936
0.942901
1.512573
0.379001
1.024823
0.157661
2.005349
1.021839
1.639768
1.859102
0.542850
0.278759
1.421136
1.254816
1.303103
0.309993
0.559062
2.864528
0.746452
0.341899
0.312971
2.014666
1.251162
0.586555
0.256642
0.315397
3.355190
1.003804
0.895104
1.209846
0.564601
2.205302
2.398619
1.072544
2.570010
0.633218
0.044685
0.780457
0.978712
8.449714
1.468779
0.562901
0.877090
0.362565
0.683661
1.724406
1.659627
3.274610
1.994555
4.727168
1.321245
1.850171
0.339084
0.885284
0.562068
2.163973
0.473559
0.173027
0.577590
0.579454
0.537713
1.005044
0.915487
6.210379
1.890306
0.093690
0.635321
4.435162
1.572228
1.192080
1.866252
2.668718
0.073368
0.326565
0.040374
0.075158
0.137124
0.714365
0.451821
3.310282
3.433033
0.321911
4.397047
0.567358
0.172521
0.546357
1.950158
3.915630
1.667771
1.242773
1.506157
3.999603
7.993405
0.907310
1.729494
0.567512
0.340142
3.814275
2.647087
0.271903
0.386645
1.998003
0.781363
0.608926
0.714193
0.584137
0.724482
1.902917
4.495592
4.057259
0.347236
2.216825
1.699906
0.665582
0.847996
0.328184
0.690144
0.489174
0.856018
2.067372
0.525076
0.593647
2.768353
2.228461
0.665895
2.269795
0.045720
0.425761
0.246612
2.449078
0.446853
1.570387
0.721557
0.930992
0.464717
1.256049
2.985132
1.342438
0.287176
1.159046
1.631041
8.480132
0.384736
3.211158
0.705697
2.700627
0.380581
0.769058
2.547138
0.050688
0.865789
1.857992
0.378451
2.902167
0.035291
3.611679
2.198102
1.721157
1.709171
1.534049
0.514932
2.915961
1.683094
5.204711
0.473232
2.855554
1.053973
2.536061
1.001016
0.524707
2.782581
1.043376
0.959770
0.249014
0.688057
1.498849
0.920729
1.029457
1.520814
2.049144
0.713972
0.818172
2.066232
1.964473
2.204608
0.225430
0.233116
0.206641
2.512714
1.425098
0.309214
1.498765
3.176037
0.823323
0.798890
2.439935
0.396389
1.516927
1.587743
0.611240
0.800749
1.483753
4.324262
0.712858
2.534349
1.035712
1.874015
4.429561
0.426508
0.082735
1.463982
2.194260
1.825784
3.955715
0.533777
0.915874
1.621732
0.732623
1.249203
0.234208
0.295881
0.272269
1.064618
1.364920
1.924047
0.538696
1.834828
1.930048
0.142488
0.908924
0.553910
0.360145
0.867586
1.785343
0.438641
0.464934
3.792564
3.824045
1.054451
0.474265
1.011787
0.835260
1.394715
3.042664
1.542851
0.636005
0.428212
0.663555
2.569074
2.379408
1.940150
0.472368
0.899554
3.952139
2.296219
0.918856
0.173703
1.264796
2.154698
1.007433
0.832911
0.864441
0.898077
0.939228
0.520925
2.207276
0.552882
0.172428
1.020919
1.114444
0.424886
3.290482
0.461179
0.498135
3.048808
2.189746
1.539572
1.385287
0.363913
0.417678
0.707879
3.777885
0.935105
0.118778
0.715181
1.398451
5.325059
0.552587
1.870298
0.070345
1.874134
0.397203
1.347221
0.426482
1.846125
1.762752
5.344759
0.334602
2.102760
0.497252
0.811208
1.248653
1.885713
3.271508
0.513604
0.514548
1.384030
1.217186
1.712790
2.467854
1.406894
0.888416
2.137128
0.588988
0.988004
1.960517
2.022835
2.288019
4.405010
0.782498
0.124148
3.450469
1.097834
0.673090
3.047864
1.161286
0.354447
0.918239
0.790828
3.226727
2.918712
1.173321
1.242426
1.145487
0.647235
0.844028
1.026505
0.594504
0.584387
2.010889
0.825176
9.213090
1.199853
1.433035
4.050686
0.609253
0.497207
0.723902
0.797947
0.555074
2.100351
0.311207
2.148868
1.760107
0.079424
1.931470
1.583570
0.619754
1.067063
3.510014
1.084360
0.598491
0.427068
4.400170
2.764135
3.347496
1.655480
0.072891
0.591402
1.461219
0.075467
2.333985
2.130632
0.728328
3.109982
1.201932
0.852561
0.507035
1.016726
1.726766
1.317941
3.313930
1.135492
0.247813
1.497877
1.469806
2.149835
1.247187
0.625069
1.139070
2.615037
2.873718
0.907254
1.017423
0.525402
2.671247
1.102745
1.758185
0.269383
1.218635
1.078870
0.581289
0.294174
1.430804
1.615205
0.546318
1.058069
1.108242
0.750016
0.770426
0.576500
2.525735
0.271539
0.956937
2.628102
0.486115
1.266009
0.200949
0.922264
2.130885
0.733743
0.422666
0.375864
2.103057
1.734209
0.678160
2.925372
0.827408
2.312041
2.545498
2.474255
0.745791
1.539785
1.787747
1.589955
0.979028
0.972056
2.077841
2.400269
0.747949
0.656580
0.422806
1.576128
0.480274
0.759882
1.021354
0.746255
1.718741
0.331438
2.946525
0.467245
0.409463
1.225450
0.632676
2.632758
2.468405
0.986914
0.452574
1.076183
1.372814
0.348522
0.034617
3.076382
2.748587
1.238982
0.584759
0.773052
1.629931
2.307456
1.035845
2.479661
1.889054
0.525553
0.467890
0.915921
0.744440
1.378814
2.917142
2.265143
0.186723
0.248057
0.795760
0.623847
0.411285
0.240902
1.198720
0.707336
0.853625
1.582110
2.212894
0.438134
1.180520
1.426669
1.442274
1.136297
1.541069
0.867603
0.790523
0.126817
1.293541
0.883730
1.257607
0.491311
2.180605
1.248227
1.595443
1.560256
0.461921
2.327738
2.523008
2.162653
0.251855
2.560595
0.787036
2.518591
1.682818
2.204859
0.078624
1.544846
0.679846
0.757071
3.549614
0.185186
1.376442
0.154271
1.282292
1.387656
0.834149
0.211663
4.603068
1.112151
1.227077
0.337901
0.272080
0.968177
0.242946
1.098124
1.296810
1.860935
0.614123
1.256437
1.772747
1.835790
0.411112
7.767757
2.457078
0.327381
0.657039
0.796796
1.169391
0.947079
1.197815
3.163365
0.572283
1.296532
0.673855
1.194675
2.406794
3.721167
3.768392
2.159874
1.085106
1.421600
1.062118
0.482939
3.658157
0.311976
2.484895
3.866996
3.503800
4.190765
1.097521
0.638433
0.800573
1.156415
0.232509
1.939902
0.981287
0.387096
3.948172
0.770763
3.206234
2.258323
0.288274
0.086949
1.721513
4.168952
1.001968
0.836265
1.989071
0.276415
1.312166
0.113928
2.615651
0.443147
2.471224
1.530480
0.820047
1.324641
0.553886
2.442556
0.350819
0.130744
1.369172
3.829401
0.132267
3.736764
4.497850
1.508876
1.167577
0.735759
1.576288
2.070061
1.248923
0.495405
4.268168
0.413471
1.104719
1.025904
1.905346
2.499354
2.295739
0.143577
0.827327
0.174114
0.765561
1.349960
0.712898
0.485420
0.386007
3.305439
1.667702
2.291299
1.559756
1.394396
0.508713
0.395586
3.406493
2.332334
0.473263
3.123826
2.874144
0.420041
0.257750
0.623015
0.859893
0.659512
3.225743
2.161618
1.669390
4.090843
1.114853
4.356949
0.145208
3.504644
0.722874
0.262335
1.123457
2.147874
0.533960
2.964430
0.800414
2.885810
0.771667
0.682764
1.193815
1.083611
0.438827
6.376067
0.100025
0.805046
0.122543
1.125368
1.022669
0.380676
1.547580
0.380402
0.677910
0.593105
0.503066
0.655474
4.597425
2.036824
0.855042
7.582226
0.853827
1.472227
0.890226
0.941056
4.122688
1.849022
0.630457
2.666970
1.106779
0.813529
1.067157
1.016714
0.559438
0.334024
0.626744
0.329702
1.454755
2.862803
0.925925
1.036031
2.974300
1.760330
0.455459
0.080387
1.101840
1.278736
0.280456
3.319169
0.343692
0.362969
0.789699
1.189835
0.988793
0.559051
0.212617
0.144818
0.397825
0.789542
0.209080
1.744715
1.108640
1.319731
0.448429
1.455980
0.391408
0.716666
1.641862
3.223969
0.079261
1.132304
1.125181
0.546828
0.822425
0.315865
2.169287
1.225216
3.851440
1.277166
0.998801
0.290544
0.513074
2.554241
0.471753
1.009560
0.557050
0.347982
1.682083
0.801228
0.013995
2.498497
0.885369
4.433627
0.805659
2.403166
0.572069
0.696842
0.500095
2.215536
2.002872
4.073293
1.597782
0.805963
1.234894
0.278057
0.159470
1.066004
2.575022
2.304999
0.791095
0.855177
2.012756
0.452668
1.891613
1.671284
0.454310
1.931373
1.598783
0.274997
0.502393
1.047486
1.939366
1.890864
0.733369
0.185727
0.371513
1.005244
1.777526
0.604253
1.614543
2.710577
3.755973
2.661551
1.249257
1.071522
1.608726
1.792518
1.868270
4.139228
0.773969
2.534479
2.833353
0.356957
1.643077
0.405171
0.851765
0.258514
2.304712
0.497007
2.279821
0.409550
0.392161
1.181023
0.762920
0.885045
1.089855
2.385020
0.322535
1.889936
1.512730
0.555213
3.818793
0.402018
0.895916
0.297725
0.248343
3.272414
1.890459
2.040656
0.338655
1.865113
1.944032
0.515079
0.435315
0.262871
2.489012
1.651602
0.412411
1.517069
0.868193
1.251149
0.758692
0.979621
0.706425
2.996208
1.062351
1.522731
2.826991
0.565534
1.162670
1.122575
2.375179
3.672143
1.083829
0.640742
1.591814
0.360911
3.660590
3.406308
1.423480
5.973774
0.191659
0.090372
0.248245
0.803833
0.854540
1.697320
1.014612
1.235520
5.005428
1.266014
0.820399
0.010310
1.365141
0.374202
1.964306
1.344069
0.061697
2.390767
2.646781
1.167644
0.431825
0.836615
0.689784
0.290164
1.686138
3.692502
2.545027
3.255636
0.820834
0.503258
1.270011
0.076582
0.297061
1.190876
2.167784
5.407826
1.532088
1.612992
0.785044
2.040004
0.668077
1.286417
1.738862
0.145087
0.195586
1.969422
1.075178
0.990381
4.058157
1.356946
0.353229
0.849961
1.226109
0.671980
1.195595
1.200716
2.619508
1.488138
0.518000
1.209604
0.675808
1.092998
0.083540
3.444812
0.550665
1.638008
0.574298
0.729471
2.763057
0.594062
2.454658
1.046101
3.400060
1.261598
0.162665
1.065367
0.384839
3.312415
0.140255
1.833594
1.313636
1.128496
2.117810
1.034054
1.083274
2.753739
0.746217
0.417631
0.941376
2.938837
0.569829
0.213278
1.244660
2.532708
0.483537
1.080483
1.654127
2.104474
0.427420
1.161297
0.950978
0.777732
1.951069
2.603046
3.865550
1.258804
2.888219
1.673834
0.733483
0.497975
0.504922
0.505185
2.652806
0.133787
1.032335
0.099251
2.123264
1.033546
1.305496
0.967972
2.693200
1.065557
1.114916
1.748588
1.074930
1.003868
6.944893
0.635823
2.425759
0.338357
0.515415
0.355248
0.525869
3.385477
1.232540
0.034678
3.003800
1.999450
2.930612
0.491908
4.983398
0.824135
0.572880
0.175933
0.352477
4.020396
3.474677
3.414043
1.621947
1.124945
5.009538
0.252194
0.247554
3.594987
1.125242
0.493712
0.621358
0.329591
0.833672
0.788600
0.469553
0.171348
2.894660
2.506906
0.061404
0.479024
0.893174
6.898350
1.608215
1.939218
1.060927
0.559506
0.835947
7.306902
3.821907
0.815217
0.906592
3.256657
2.132233
1.967843
1.228613
0.278405
0.656236
0.500232
3.878619
1.187283
0.684453
0.861498
1.290044
6.019334
0.783831
1.850181
0.420109
4.787820
7.642941
1.146910
0.447786
0.173789
0.199492
0.537057
3.038082
1.469112
0.594549
1.612234
1.426022
1.533421
0.164388
1.105011
2.749859
1.328887
3.025592
0.419675
2.653521
0.159476
3.313399
0.412312
1.294513
0.814896
1.544187
0.900673
1.270016
0.469066
1.187927
5.233858
2.906538
0.394829
2.173488
0.902684
2.875424
1.239914
1.521286
0.579134
5.197999
1.159941
1.743588
3.391483
2.430439
0.397506
2.960539
1.051258
1.124014
0.762697
1.358781
0.904154
3.181204
1.508738
2.418220
1.337136
0.667315
3.736641
3.351383
1.984758
3.234355
1.032854
2.345878
1.938475
1.228816
0.290814
1.130934
1.399627
0.106342
1.567555
0.172942
5.277863
2.379027
1.839861
7.402382
1.578110
0.125002
0.914024
3.716201
1.189265
3.283032
1.500302
1.662404
0.530033
2.192655
0.593504
0.874948
2.687745
0.590235
2.837054
1.985900
2.505240
1.730731
0.776923
1.907787
0.598349
3.373271
0.464239
0.883879
0.330404
0.621754
0.578068
1.014732
0.083305
1.165672
2.179183
1.825126
0.769547
1.125035
1.070215
0.869579
4.157672
0.820114
0.518676
1.879106
5.560927
0.799099
1.280063
1.091634
3.111600
0.011941
4.202973
1.487185
0.253600
1.072622
1.420634
0.760250
1.512803
2.721709
1.852921
1.311253
0.240814
2.092800
1.430045
0.717250
2.036235
0.153854
0.960540
1.414779
0.748021
3.276615
0.898537
1.144720
1.690116
0.750720
2.353920
0.463286
1.373413
1.367878
2.164640
1.667798
0.107671
1.642398
0.861135
0.680996
2.270401
1.279107
0.954601
0.913198
1.958776
2.142993
2.114045
1.503623
2.536588
4.246214
1.403378
0.569458
2.900554
0.196638
2.260176
1.619143
2.465618
0.983669
0.776685
1.616821
0.376928
0.969804
3.571790
0.714955
0.645326
2.819507
1.042961
2.007502
3.116794
0.571678
2.783123
0.732769
0.794703
0.222482
1.214074
1.293377
2.030497
4.907712
1.403010
2.844822
1.181059
0.470320
1.925793
6.644765
3.849571
0.152020
2.435163
3.672760
2.612438
0.282324
3.459641
1.973851
0.256183
2.263740
2.648333
0.674626
0.626700
3.980023
1.389054
0.768713
3.561429
1.146099
2.488295
0.920199
0.050823
0.460737
0.990132
1.069670
0.920230
1.318492
3.069593
0.165951
0.810151
0.384050
1.587835
0.732631
1.054440
0.500028
0.336152
0.079607
1.110736
1.247726
1.919525
4.758203
3.634646
2.568103
0.711507
0.280067
1.559651
1.677186
1.493288
4.949728
1.044679
0.074627
0.659847
0.922015
0.931739
1.093802
0.644080
1.016549
1.337780
3.053936
0.695560
0.824450
1.874405
0.903023
1.079259
1.083376
1.299368
1.871996
1.901084
0.127903
0.113778
0.676407
0.683428
0.225612
1.119365
1.422169
0.433204
1.329701
1.151166
6.347802
0.550037
1.964857
1.316516
0.910529
1.705425
1.330690
2.395294
2.421869
3.470376
