0 	 -99.207178 
1 	 -99.849851 
2 	 -99.706662 
3 	 -99.198527 
4 	 -99.982104 
5 	 -99.260628 
6 	 -99.465919 
7 	 -99.260252 
8 	 -99.138166 
9 	 -99.490026 
10 	 -99.830938 
11 	 -99.668631 
12 	 -99.331848 
13 	 -99.323723 
14 	 -99.665846 
15 	 -99.495226 
16 	 -99.866790 
17 	 -99.565804 
18 	 -99.553839 
19 	 -99.781016 
20 	 -99.385246 
21 	 -99.658651 
22 	 -99.351967 
23 	 -99.877670 
24 	 -99.440895 
25 	 -99.416503 
26 	 -99.444542 
27 	 -99.964705 
28 	 -99.017958 
29 	 -99.071850 
30 	 -99.868697 
31 	 -99.019454 
32 	 -99.617636 
33 	 -99.944120 
34 	 -99.259925 
35 	 -99.798223 
36 	 -99.745914 
37 	 -99.745424 
38 	 -99.928736 
39 	 -99.786551 
40 	 -99.016677 
41 	 -99.676381 
42 	 -99.279260 
43 	 -99.657204 
44 	 -99.473877 
45 	 -99.764261 
46 	 -99.535610 
47 	 -99.589505 
48 	 -99.915218 
49 	 -99.133786 
50 	 -99.679744 
51 	 -99.640828 
52 	 -99.434926 
53 	 -99.336438 
54 	 -99.038942 
55 	 -99.074512 
56 	 -99.965782 
57 	 -99.489960 
58 	 -99.543667 
59 	 -99.571562 
60 	 -99.885262 
61 	 -99.689204 
62 	 -99.210505 
63 	 -99.293323 
64 	 -99.321819 
65 	 -99.041248 
66 	 -99.291036 
67 	 -99.386219 
68 	 -99.304423 
69 	 -99.256805 
70 	 -99.476260 
71 	 -99.231116 
72 	 -99.112960 
73 	 -99.784560 
74 	 -99.084529 
75 	 -99.330851 
76 	 -99.671500 
77 	 -99.361449 
78 	 -99.686141 
79 	 -99.947355 
80 	 -99.626042 
81 	 -99.321949 
82 	 -99.015410 
83 	 -99.258805 
84 	 -99.119906 
85 	 -99.052304 
86 	 -99.755209 
87 	 -99.207575 
88 	 -99.953839 
89 	 -99.325702 
90 	 -99.262895 
91 	 -99.455791 
92 	 -99.018736 
93 	 -99.842229 
94 	 -99.529769 
95 	 -99.834437 
96 	 -99.628442 
97 	 -99.838734 
98 	 -99.658111 
99 	 -99.446976 
100 	 -99.735530 
101 	 -99.489699 
102 	 -99.234910 
103 	 -99.565828 
104 	 -99.909484 
105 	 -99.131015 
106 	 -99.579156 
107 	 -99.453072 
108 	 -99.810285 
109 	 -99.539946 
110 	 -99.520054 
111 	 -99.422193 
112 	 -99.408635 
113 	 -99.520590 
114 	 -99.642018 
115 	 -99.421586 
116 	 -99.066261 
117 	 -99.922729 
118 	 -99.391097 
119 	 -99.326553 
120 	 -99.312898 
121 	 -99.606502 
122 	 -99.029080 
123 	 -99.576387 
124 	 -99.438149 
125 	 -99.434809 
126 	 -99.751724 
127 	 -99.570952 
128 	 -99.590390 
129 	 -99.211644 
130 	 -99.208390 
131 	 -99.935546 
132 	 -99.146524 
133 	 -99.063412 
134 	 -99.235572 
135 	 -99.947841 
136 	 -99.553138 
137 	 -99.552593 
138 	 -99.522518 
139 	 -99.245277 
140 	 -99.557590 
141 	 -99.218444 
142 	 -99.781710 
143 	 -99.348164 
144 	 -99.721365 
145 	 -99.266565 
146 	 -99.929024 
147 	 -99.470311 
148 	 -99.646116 
149 	 -99.894010 
150 	 -99.185414 
151 	 -99.232805 
152 	 -99.678566 
153 	 -99.624068 
154 	 -99.241169 
155 	 -99.167616 
156 	 -99.162377 
157 	 -99.680003 
158 	 -99.489202 
159 	 -99.217729 
160 	 -99.495620 
161 	 -99.537812 
162 	 -99.770627 
163 	 -99.293842 
164 	 -99.745068 
165 	 -99.149854 
166 	 -99.407178 
167 	 -99.370575 
168 	 -99.648033 
169 	 -99.123696 
170 	 -99.929682 
171 	 -99.307050 
172 	 -99.273965 
173 	 -99.593888 
174 	 -99.557051 
175 	 -99.360197 
176 	 -99.306900 
177 	 -99.318562 
178 	 -99.899998 
179 	 -99.459131 
180 	 -99.305543 
181 	 -99.432818 
182 	 -99.338981 
183 	 -99.153173 
184 	 -99.632171 
185 	 -99.772548 
186 	 -99.249371 
187 	 -99.564294 
188 	 -99.923006 
189 	 -99.996024 
190 	 -99.361371 
191 	 -99.316879 
192 	 -99.203834 
193 	 -99.234538 
194 	 -99.514453 
195 	 -99.723481 
196 	 -99.930770 
197 	 -99.964944 
198 	 -99.310066 
199 	 -99.063279 
200 	 -99.098133 
201 	 -99.050976 
202 	 -99.035630 
203 	 -99.376103 
204 	 -99.811826 
205 	 -99.908626 
206 	 -99.609886 
207 	 -99.199818 
208 	 -99.838913 
209 	 -99.879157 
210 	 -99.023789 
211 	 -99.231560 
212 	 -99.331963 
213 	 -99.835662 
214 	 -99.274730 
215 	 -99.186622 
216 	 -99.290052 
217 	 -99.576147 
218 	 -99.628769 
219 	 -99.441964 
220 	 -99.223250 
221 	 -99.809006 
222 	 -99.489213 
223 	 -99.574974 
224 	 -99.176081 
225 	 -99.832456 
226 	 -99.129185 
227 	 -99.825326 
228 	 -99.957842 
229 	 -99.397337 
230 	 -99.686811 
231 	 -99.811688 
232 	 -99.852148 
233 	 -99.094013 
234 	 -99.743608 
235 	 -99.619267 
236 	 -99.577410 
237 	 -99.990470 
238 	 -99.774271 
239 	 -99.090335 
240 	 -99.891636 
241 	 -99.964306 
242 	 -99.101430 
243 	 -99.113662 
244 	 -99.557814 
245 	 -99.232154 
246 	 -99.299340 
247 	 -99.694944 
248 	 -99.710566 
249 	 -99.667134 
250 	 -99.557339 
251 	 -99.074014 
252 	 -99.413617 
253 	 -99.109880 
254 	 -99.971693 
255 	 -99.379588 
256 	 -99.912222 
257 	 -99.111359 
258 	 -99.334040 
259 	 -99.942188 
260 	 -99.066004 
261 	 -99.139503 
262 	 -99.225801 
263 	 -99.411395 
264 	 -99.342621 
265 	 -99.750745 
266 	 -99.817504 
267 	 -99.902441 
268 	 -99.685962 
269 	 -99.644711 
270 	 -99.666241 
271 	 -99.555352 
272 	 -99.747546 
273 	 -99.908247 
274 	 -99.603776 
275 	 -99.939406 
276 	 -99.868253 
277 	 -99.151127 
278 	 -99.182075 
279 	 -99.628342 
280 	 -99.911270 
281 	 -99.937381 
282 	 -99.364387 
283 	 -99.328566 
284 	 -99.791279 
285 	 -99.670876 
286 	 -99.031840 
287 	 -99.689803 
288 	 -99.240232 
289 	 -99.208912 
290 	 -99.848029 
291 	 -99.964771 
292 	 -99.076928 
293 	 -99.710913 
294 	 -99.270590 
295 	 -99.945518 
296 	 -99.415289 
297 	 -99.262359 
298 	 -99.669675 
299 	 -99.045705 
300 	 -99.553332 
301 	 -99.209138 
302 	 -99.960262 
303 	 -99.743203 
304 	 -99.849720 
305 	 -99.954563 
306 	 -99.620090 
307 	 -99.974486 
308 	 -99.482423 
309 	 -99.100439 
310 	 -99.064737 
311 	 -99.200902 
312 	 -99.227773 
313 	 -99.791852 
314 	 -99.035677 
315 	 -99.097624 
316 	 -99.182933 
317 	 -99.426692 
318 	 -99.231264 
319 	 -99.652313 
320 	 -99.317459 
321 	 -99.071737 
322 	 -99.106258 
323 	 -99.785620 
324 	 -99.953582 
325 	 -99.915655 
326 	 -99.136567 
327 	 -99.654029 
328 	 -99.503130 
329 	 -99.470748 
330 	 -99.733939 
331 	 -99.491521 
332 	 -99.472003 
333 	 -99.272119 
334 	 -99.781047 
335 	 -99.381889 
336 	 -99.074655 
337 	 -99.505070 
338 	 -99.807789 
339 	 -99.612255 
340 	 -99.099793 
341 	 -99.294089 
342 	 -99.786016 
343 	 -99.539920 
344 	 -99.282899 
345 	 -99.226264 
346 	 -99.710728 
347 	 -99.083282 
348 	 -99.727336 
349 	 -99.053211 
350 	 -99.068430 
351 	 -99.209635 
352 	 -99.327765 
353 	 -99.370814 
354 	 -99.425062 
355 	 -99.423438 
356 	 -99.332485 
357 	 -99.691581 
358 	 -99.102881 
359 	 -99.056236 
360 	 -99.641809 
361 	 -99.885782 
362 	 -99.737126 
363 	 -99.254980 
364 	 -99.299892 
365 	 -99.660105 
366 	 -99.920698 
367 	 -99.235552 
368 	 -99.118394 
369 	 -99.197545 
370 	 -99.555264 
371 	 -99.127151 
372 	 -99.490037 
373 	 -99.919257 
374 	 -99.649891 
375 	 -99.488179 
376 	 -99.533312 
377 	 -99.672963 
378 	 -99.307291 
379 	 -99.018611 
380 	 -99.479898 
381 	 -99.828080 
382 	 -99.930546 
383 	 -99.600631 
384 	 -99.157397 
385 	 -99.255929 
386 	 -99.461553 
387 	 -99.982520 
388 	 -99.825595 
389 	 -99.300521 
390 	 -99.306274 
391 	 -99.590741 
392 	 -99.329442 
393 	 -99.411163 
394 	 -99.284673 
395 	 -99.106253 
396 	 -99.406803 
397 	 -99.223487 
398 	 -99.876736 
399 	 -99.918845 
400 	 -99.284143 
401 	 -99.606381 
402 	 -99.341288 
403 	 -99.939696 
404 	 -99.092328 
405 	 -99.941119 
406 	 -99.532721 
407 	 -99.733552 
408 	 -99.662330 
409 	 -99.412877 
410 	 -99.457803 
411 	 -99.026934 
412 	 -99.028962 
413 	 -99.856062 
414 	 -99.018350 
415 	 -99.463274 
416 	 -99.482421 
417 	 -99.606024 
418 	 -99.316557 
419 	 -99.624503 
420 	 -99.775253 
421 	 -99.687138 
422 	 -99.227907 
423 	 -99.710180 
424 	 -99.204555 
425 	 -99.913138 
426 	 -99.123298 
427 	 -99.613574 
428 	 -99.128014 
429 	 -99.824517 
430 	 -99.678677 
431 	 -99.662748 
432 	 -99.887143 
433 	 -99.074500 
434 	 -99.552394 
435 	 -99.158561 
436 	 -99.357011 
437 	 -99.401541 
438 	 -99.449054 
439 	 -99.445892 
440 	 -99.335776 
441 	 -99.133114 
442 	 -99.472292 
443 	 -99.329538 
444 	 -99.189583 
445 	 -99.382552 
446 	 -99.740763 
447 	 -99.708928 
448 	 -99.181588 
449 	 -99.744707 
450 	 -99.628406 
451 	 -99.950719 
452 	 -99.748364 
453 	 -99.679889 
454 	 -99.109561 
455 	 -99.885118 
456 	 -99.630266 
457 	 -99.784421 
458 	 -99.301427 
459 	 -99.258555 
460 	 -99.972956 
461 	 -99.619896 
462 	 -99.969145 
463 	 -99.707386 
464 	 -99.107610 
465 	 -99.647332 
466 	 -99.567350 
467 	 -99.424385 
468 	 -99.464791 
469 	 -99.997050 
470 	 -99.407226 
471 	 -99.233282 
472 	 -99.712777 
473 	 -99.854894 
474 	 -99.208889 
475 	 -99.235725 
476 	 -99.544022 
477 	 -99.981653 
478 	 -99.961553 
479 	 -99.789740 
480 	 -99.007269 
481 	 -99.028129 
482 	 -99.874454 
483 	 -99.324086 
484 	 -99.083870 
485 	 -99.153318 
486 	 -99.088870 
487 	 -99.882504 
488 	 -99.957191 
489 	 -99.330399 
490 	 -99.498302 
491 	 -99.879553 
492 	 -99.029756 
493 	 -99.721169 
494 	 -99.667719 
495 	 -99.728577 
496 	 -99.810611 
497 	 -99.367731 
498 	 -99.067041 
499 	 -99.703772 
500 	 -99.245942 
501 	 -99.783494 
502 	 -99.268145 
503 	 -99.444426 
504 	 -99.223288 
505 	 -99.989642 
506 	 -99.151567 
507 	 -99.428029 
508 	 -99.694733 
509 	 -99.990626 
510 	 -99.358615 
511 	 -99.309382 
512 	 -99.454104 
513 	 -99.982523 
514 	 -99.828701 
515 	 -99.483000 
516 	 -99.271265 
517 	 -99.527786 
518 	 -99.433944 
519 	 -99.544092 
520 	 -99.490675 
521 	 -99.468590 
522 	 -99.527790 
523 	 -99.421328 
524 	 -99.852680 
525 	 -99.568656 
526 	 -99.600219 
527 	 -99.346964 
528 	 -99.123819 
529 	 -99.011034 
530 	 -99.239021 
531 	 -99.667290 
532 	 -99.489098 
533 	 -99.280089 
534 	 -99.066941 
535 	 -99.483823 
536 	 -99.338679 
537 	 -99.511188 
538 	 -99.227556 
539 	 -99.551102 
540 	 -99.776555 
541 	 -99.863565 
542 	 -99.985329 
543 	 -99.776608 
544 	 -99.108413 
545 	 -99.776857 
546 	 -99.231047 
547 	 -99.855035 
548 	 -99.269486 
549 	 -99.699735 
550 	 -99.824778 
551 	 -99.761594 
552 	 -99.465439 
553 	 -99.217746 
554 	 -99.195885 
555 	 -99.661448 
556 	 -99.128919 
557 	 -99.316065 
558 	 -99.330818 
559 	 -99.855412 
560 	 -99.152795 
561 	 -99.147508 
562 	 -99.108954 
563 	 -99.525890 
564 	 -99.725539 
565 	 -99.167151 
566 	 -99.219295 
567 	 -99.917803 
568 	 -99.290164 
569 	 -99.293647 
570 	 -99.624601 
571 	 -99.195007 
572 	 -99.915523 
573 	 -99.408251 
574 	 -99.114333 
575 	 -99.120200 
576 	 -99.898376 
577 	 -99.542724 
578 	 -99.374755 
579 	 -99.106711 
580 	 -99.469866 
581 	 -99.022075 
582 	 -99.693386 
583 	 -99.951982 
584 	 -99.383462 
585 	 -99.387012 
586 	 -99.257177 
587 	 -99.888019 
588 	 -99.468696 
589 	 -99.721622 
590 	 -99.473179 
591 	 -99.848226 
592 	 -99.540833 
593 	 -99.169278 
594 	 -99.218635 
595 	 -99.263201 
596 	 -99.797363 
597 	 -99.627431 
598 	 -99.750200 
599 	 -99.625332 
600 	 -99.354138 
601 	 -99.705590 
602 	 -99.646181 
603 	 -99.361026 
604 	 -99.166112 
605 	 -99.419165 
606 	 -99.307310 
607 	 -99.916221 
608 	 -99.065335 
609 	 -99.859859 
610 	 -99.208111 
611 	 -99.847434 
612 	 -99.900700 
613 	 -99.167750 
614 	 -99.455676 
615 	 -99.063601 
616 	 -99.192390 
617 	 -99.028490 
618 	 -99.616880 
619 	 -99.644918 
620 	 -99.299181 
621 	 -99.177905 
622 	 -99.144649 
623 	 -99.029532 
624 	 -99.184350 
625 	 -99.693911 
626 	 -99.194905 
627 	 -99.273904 
628 	 -99.520780 
629 	 -99.208307 
630 	 -99.007102 
631 	 -99.885708 
632 	 -99.284228 
633 	 -99.210853 
634 	 -99.330643 
635 	 -99.775142 
636 	 -99.002067 
637 	 -99.755027 
638 	 -99.899384 
639 	 -99.549603 
640 	 -99.080713 
641 	 -99.167585 
642 	 -99.301819 
643 	 -99.522450 
644 	 -99.943661 
645 	 -99.046082 
646 	 -99.024561 
647 	 -99.941949 
648 	 -99.408564 
649 	 -99.153503 
650 	 -99.225300 
651 	 -99.429106 
652 	 -99.954129 
653 	 -99.399564 
654 	 -99.396204 
655 	 -99.861312 
656 	 -99.838093 
657 	 -99.043793 
658 	 -99.024037 
659 	 -99.524709 
660 	 -99.568297 
661 	 -99.693368 
662 	 -99.489844 
663 	 -99.808540 
664 	 -99.849324 
665 	 -99.048568 
666 	 -99.824159 
667 	 -99.489978 
668 	 -99.530234 
669 	 -99.771394 
670 	 -99.153229 
671 	 -99.053528 
672 	 -99.603237 
673 	 -99.184857 
674 	 -99.458252 
675 	 -99.771353 
676 	 -99.656784 
677 	 -99.808819 
678 	 -99.492473 
679 	 -99.154097 
680 	 -99.876624 
681 	 -99.568287 
682 	 -99.276028 
683 	 -99.540100 
684 	 -99.378738 
685 	 -99.424476 
686 	 -99.408519 
687 	 -99.347773 
688 	 -99.588179 
689 	 -99.542020 
690 	 -99.703356 
691 	 -99.806057 
692 	 -99.904171 
693 	 -99.599338 
694 	 -99.272484 
695 	 -99.961457 
696 	 -99.447828 
697 	 -99.588446 
698 	 -99.822808 
699 	 -99.651793 
700 	 -99.014753 
701 	 -99.897663 
702 	 -99.674271 
703 	 -99.310104 
704 	 -99.701622 
705 	 -99.045797 
706 	 -99.098335 
707 	 -99.017102 
708 	 -99.128035 
709 	 -99.719727 
710 	 -99.921895 
711 	 -99.177989 
712 	 -99.744233 
713 	 -99.111566 
714 	 -99.352314 
715 	 -99.827642 
716 	 -99.001440 
717 	 -99.402480 
718 	 -99.290906 
719 	 -99.272685 
720 	 -99.457384 
721 	 -99.578503 
722 	 -99.092587 
723 	 -99.962050 
724 	 -99.233764 
725 	 -99.906648 
726 	 -99.839557 
727 	 -99.347552 
728 	 -99.832789 
729 	 -99.298832 
730 	 -99.031907 
731 	 -99.950362 
732 	 -99.259741 
733 	 -99.677847 
734 	 -99.705927 
735 	 -99.858626 
736 	 -99.316193 
737 	 -99.932205 
738 	 -99.467005 
739 	 -99.230498 
740 	 -99.947996 
741 	 -99.014958 
742 	 -99.612310 
743 	 -99.452109 
744 	 -99.554522 
745 	 -99.595480 
746 	 -99.866678 
747 	 -99.879151 
748 	 -99.743478 
749 	 -99.982424 
750 	 -99.169618 
751 	 -99.222397 
752 	 -99.860271 
753 	 -99.573390 
754 	 -99.474366 
755 	 -99.039257 
756 	 -99.906258 
757 	 -99.160186 
758 	 -99.521398 
759 	 -99.267861 
760 	 -99.364735 
761 	 -99.909997 
762 	 -99.221004 
763 	 -99.721160 
764 	 -99.885272 
765 	 -99.368041 
766 	 -99.070658 
767 	 -99.080593 
768 	 -99.214919 
769 	 -99.785414 
770 	 -99.855519 
771 	 -99.597478 
772 	 -99.071054 
773 	 -99.707401 
774 	 -99.827846 
775 	 -99.724510 
776 	 -99.889067 
777 	 -99.158366 
778 	 -99.642988 
779 	 -99.195922 
780 	 -99.317242 
781 	 -99.016459 
782 	 -99.490964 
783 	 -99.425515 
784 	 -99.506780 
785 	 -99.423959 
786 	 -99.792579 
787 	 -99.626501 
788 	 -99.052367 
789 	 -99.569179 
790 	 -99.590170 
791 	 -99.018654 
792 	 -99.903254 
793 	 -99.860890 
794 	 -99.545629 
795 	 -99.764223 
796 	 -99.423060 
797 	 -99.135483 
798 	 -99.237012 
799 	 -99.667127 
800 	 -99.608194 
801 	 -99.845336 
802 	 -99.518955 
803 	 -99.701832 
804 	 -99.677071 
805 	 -99.122584 
806 	 -99.497064 
807 	 -99.440205 
808 	 -99.223487 
809 	 -99.289103 
810 	 -99.790091 
811 	 -99.779052 
812 	 -99.755117 
813 	 -99.145603 
814 	 -99.421704 
815 	 -99.730905 
816 	 -99.071779 
817 	 -99.040281 
818 	 -99.248374 
819 	 -99.374573 
820 	 -99.726824 
821 	 -99.842875 
822 	 -99.172724 
823 	 -99.623533 
824 	 -99.502057 
825 	 -99.358745 
826 	 -99.452919 
827 	 -99.240520 
828 	 -99.870782 
829 	 -99.725792 
830 	 -99.421577 
831 	 -99.892355 
832 	 -99.392112 
833 	 -99.475646 
834 	 -99.003865 
835 	 -99.504420 
836 	 -99.379292 
837 	 -99.733638 
838 	 -99.500229 
839 	 -99.057160 
840 	 -99.719249 
841 	 -99.827605 
842 	 -99.160033 
843 	 -99.037091 
844 	 -99.031616 
845 	 -99.178582 
846 	 -99.793851 
847 	 -99.325484 
848 	 -99.506904 
849 	 -99.562073 
850 	 -99.424841 
851 	 -99.997612 
852 	 -99.234042 
853 	 -99.833046 
854 	 -99.683180 
855 	 -99.983963 
856 	 -99.703104 
857 	 -99.972180 
858 	 -99.447127 
859 	 -99.138708 
860 	 -99.081811 
861 	 -99.666914 
862 	 -99.097256 
863 	 -99.688652 
864 	 -99.311973 
865 	 -99.836368 
866 	 -99.805105 
867 	 -99.454720 
868 	 -99.394701 
869 	 -99.508485 
870 	 -99.727681 
871 	 -99.603344 
872 	 -99.081316 
873 	 -99.508982 
874 	 -99.770881 
875 	 -99.224728 
876 	 -99.950544 
877 	 -99.309761 
878 	 -99.711893 
879 	 -99.463937 
880 	 -99.197692 
881 	 -99.494195 
882 	 -99.072050 
883 	 -99.587902 
884 	 -99.037319 
885 	 -99.877274 
886 	 -99.667861 
887 	 -99.116407 
888 	 -99.776773 
889 	 -99.930014 
890 	 -99.568424 
891 	 -99.770220 
892 	 -99.965632 
893 	 -99.181255 
894 	 -99.414532 
895 	 -99.443853 
896 	 -99.435559 
897 	 -99.177994 
898 	 -99.811702 
899 	 -99.723610 
900 	 -99.256150 
901 	 -99.599995 
902 	 -99.130194 
903 	 -99.214552 
904 	 -99.050291 
905 	 -99.880876 
906 	 -99.016863 
907 	 -99.334365 
908 	 -99.533025 
909 	 -99.588802 
910 	 -99.316768 
911 	 -99.622675 
912 	 -99.240641 
913 	 -99.736488 
914 	 -99.077371 
915 	 -99.795844 
916 	 -99.480286 
917 	 -99.279514 
918 	 -99.786390 
919 	 -99.848084 
920 	 -99.311338 
921 	 -99.309618 
922 	 -99.580685 
923 	 -99.287494 
924 	 -99.679687 
925 	 -99.095913 
926 	 -99.790109 
927 	 -99.079504 
928 	 -99.849239 
929 	 -99.566529 
930 	 -99.693990 
931 	 -99.412019 
932 	 -99.527756 
933 	 -99.123316 
934 	 -99.440875 
935 	 -99.187526 
936 	 -99.602466 
937 	 -99.468671 
938 	 -99.264683 
939 	 -99.017731 
940 	 -99.569272 
941 	 -99.562584 
942 	 -99.999662 
943 	 -99.966956 
944 	 -99.735915 
945 	 -99.954657 
946 	 -99.833653 
947 	 -99.877984 
948 	 -99.993480 
949 	 -99.417454 
950 	 -99.544953 
951 	 -99.466726 
952 	 -99.199790 
953 	 -99.659266 
954 	 -99.878252 
955 	 -99.901697 
956 	 -99.553589 
957 	 -99.823301 
958 	 -99.615631 
959 	 -99.754371 
960 	 -99.549401 
961 	 -99.970363 
962 	 -99.999997 
963 	 -99.851610 
964 	 -99.142981 
965 	 -99.759532 
966 	 -99.215400 
967 	 -99.883341 
968 	 -99.228875 
969 	 -99.660994 
970 	 -99.409961 
971 	 -99.989971 
972 	 -99.022731 
973 	 -99.424866 
974 	 -99.474140 
975 	 -99.732915 
976 	 -99.977927 
977 	 -99.143433 
978 	 -99.333085 
979 	 -99.099753 
980 	 -99.893969 
981 	 -99.238992 
982 	 -99.299377 
983 	 -99.260862 
984 	 -99.601186 
985 	 -99.422179 
986 	 -99.060711 
987 	 -99.727506 
988 	 -99.340721 
989 	 -99.547801 
990 	 -99.899641 
991 	 -99.211048 
992 	 -99.529977 
993 	 -99.652794 
994 	 -99.771570 
995 	 -99.426981 
996 	 -99.402966 
997 	 -99.677569 
998 	 -99.439396 
999 	 -99.444902 
